 1.76432e-07,  3.20021e-07,  3.90873e-07,  5.4963e-07,  9.47366e-07,  5.9106e-07,  1.28295e-07,  1.81731e-07
 1.09422e-07,  1.57275e-07,  2.39136e-07,  1.72016e-07,  6.55489e-07,  9.92686e-08,  2.83653e-07,  2.59042e-06
 7.58851e-07,  1.34498e-07,  -3.51449e-07,  -1.71362e-07,  -7.79574e-07,  -4.94045e-07,  1.13187e-07,  4.81579e-06
 1.07239e-06,  2.26838e-07,  -3.17538e-08,  -4.25714e-08,  -5.58789e-07,  -9.24113e-08,  -4.77746e-08,  -1.21394e-06
 -8.72318e-08,  3.64549e-07,  2.25249e-06,  3.1516e-07,  5.54719e-07,  1.16337e-07,  5.79546e-07,  -4.08806e-06
 -5.80967e-07,  2.2769e-06,  4.21121e-06,  2.67676e-06,  3.45018e-08,  5.49249e-07,  6.53137e-07,  -8.02591e-08
 -3.51719e-07,  -8.50079e-08,  -1.85736e-06,  6.37261e-07,  -4.24259e-07,  5.956e-07,  -6.87275e-07,  -8.72268e-08
 -5.82001e-07,  -2.60114e-06,  -4.39604e-06,  -2.67916e-06,  5.10216e-08,  -2.49393e-07,  8.47729e-08,  -4.04978e-07
 -3.17611e-07,  -7.15997e-07,  -4.17151e-07,  -1.31286e-06,  -2.63043e-07,  -7.63758e-07,  3.48293e-07,  -5.4194e-07
 1.52801e-07,  -1.03121e-08,  4.98373e-07,  -1.26656e-07,  1.4877e-07,  3.21973e-07,  -2.35009e-07,  -4.98345e-07
 2.07721e-06,  7.69899e-07,  7.30147e-07,  2.075e-06,  1.64574e-07,  2.89417e-06,  1.18574e-06,  1.38856e-06
 7.91817e-07,  1.05018e-06,  8.20872e-07,  2.41795e-06,  5.84614e-07,  7.8789e-07,  1.15371e-06,  3.4204e-06
 -1.86832e-06,  7.23746e-07,  1.98007e-07,  -1.24015e-06,  1.67023e-06,  -1.49598e-06,  -1.36083e-06,  -8.71161e-07
 -8.82108e-07,  6.02485e-07,  1.45774e-07,  -5.68248e-07,  -2.49319e-08,  7.15098e-07,  -1.58774e-06,  -3.49062e-06
 -2.54862e-07,  -1.43213e-06,  -9.4052e-07,  -3.68726e-07,  -1.67171e-06,  -1.21907e-06,  -1.54699e-07,  -4.05326e-07
 -5.36578e-08,  -1.38009e-06,  -1.07021e-06,  -1.71404e-06,  -5.24095e-07,  -1.29396e-06,  4.6264e-08,  1.70811e-06
 1.92887e-07,  1.56699e-06,  4.64923e-07,  -3.83647e-07,  5.84347e-07,  5.7364e-07,  6.2595e-08,  1.81973e-06
 -4.28744e-09,  1.34602e-06,  -1.46363e-07,  2.2653e-07,  8.55592e-07,  -6.78961e-07,  2.50463e-07,  -5.23371e-07
 8.09896e-08,  -1.42383e-06,  -4.58411e-07,  6.30416e-08,  -5.55015e-07,  -6.7145e-07,  -1.22824e-08,  -1.58169e-06
 -1.10653e-09,  -7.43202e-07,  -2.68094e-07,  -3.2903e-07,  -1.18987e-06,  3.61458e-08,  -4.61408e-07,  4.07049e-06
 -3.76421e-07,  2.01392e-07,  1.42275e-07,  4.46709e-08,  -2.22719e-07,  2.84757e-10,  -1.57167e-07,  -3.25441e-07
 3.51644e-07,  -4.54653e-07,  1.00796e-06,  8.48808e-08,  8.59282e-08,  -1.27927e-07,  -2.00305e-08,  -4.992e-06
 4.28266e-06,  1.0449e-07,  9.45331e-07,  1.13431e-06,  3.14546e-07,  1.30748e-07,  1.12194e-06,  8.78185e-07
 2.07675e-06,  1.22849e-06,  1.09374e-07,  1.91784e-07,  -3.8761e-08,  2.88576e-07,  9.46989e-07,  2.98721e-07
 -3.54359e-06,  -7.2233e-08,  -7.96164e-07,  -7.49744e-07,  -1.94022e-07,  9.68292e-07,  -6.68643e-07,  -9.59968e-07
 -2.12687e-06,  -8.34139e-07,  -8.13785e-07,  8.31713e-07,  5.75615e-07,  6.18414e-07,  -6.89886e-07,  -6.7212e-07
 -6.09766e-07,  -3.95423e-07,  7.11522e-07,  3.26843e-06,  1.01551e-06,  -1.02095e-06,  5.48351e-07,  3.66783e-07
 1.4826e-06,  -4.4239e-07,  9.07147e-07,  -3.72962e-07,  3.75191e-08,  -7.10986e-07,  -2.8189e-07,  9.20069e-07
 3.5863e-07,  5.88591e-07,  1.45882e-07,  -3.538e-06,  -7.24736e-07,  -7.31816e-08,  -7.67952e-07,  8.3613e-07
 -1.78108e-06,  -4.02765e-07,  -6.20205e-07,  -7.18877e-07,  -4.21703e-07,  -1.74607e-07,  1.90097e-08,  -7.61173e-07
 -3.05863e-07,  -5.80181e-07,  -9.14468e-07,  -2.47854e-07,  -8.41413e-08,  -2.69876e-08,  -2.70996e-07,  -3.15211e-07
 0.00320109,  2.76011e-05,  3.44918e-06,  2.08539e-06,  0.00015188,  5.58344e-07,  9.71475e-07,  6.90476e-06
 0.0291827,  4.80167e-06,  4.0518e-06,  2.81563e-06,  0.00133128,  1.99495e-06,  5.94624e-06,  4.88319e-06
 0.0474361,  2.71073e-05,  -1.99187e-06,  3.91798e-06,  0.00203425,  -3.08447e-07,  3.33279e-06,  -7.219e-06
 0.0293112,  3.14631e-05,  -9.58332e-07,  4.60801e-06,  0.00150614,  -1.41422e-06,  -5.4019e-06,  -2.1298e-06
 -0.00188235,  -1.42837e-05,  3.38049e-07,  1.28432e-06,  0.00117759,  5.64948e-06,  -4.35507e-06,  6.62893e-06
 -0.03942,  -7.28917e-06,  -1.88093e-06,  -2.46828e-06,  -0.000858911,  5.68274e-06,  5.93675e-07,  -3.26132e-06
 -0.0424891,  -3.50214e-05,  -1.69817e-06,  -5.01834e-06,  -0.00238946,  -5.61363e-06,  4.47526e-06,  -5.44069e-06
 -0.0162371,  -2.8873e-05,  -8.56037e-07,  -3.89268e-06,  -0.00148169,  -6.33753e-06,  -4.12412e-07,  1.19926e-06
 -0.000336006,  -8.47443e-07,  5.39764e-06,  8.66213e-08,  -0.000881304,  2.65791e-06,  -4.27437e-06,  3.1035e-05
 0.026665,  1.3775e-05,  6.37806e-06,  3.67285e-07,  -0.000483284,  6.70228e-07,  -2.91779e-07,  0.000101824
 0.0421178,  4.58664e-05,  -5.93588e-06,  2.30581e-06,  -8.29338e-05,  3.10623e-06,  -3.37605e-08,  0.000669682
 0.028157,  1.86193e-05,  -6.69329e-06,  7.86829e-07,  -1.035e-05,  -4.36055e-07,  3.55617e-07,  0.00122974
 -0.000387724,  -6.73934e-06,  3.13623e-06,  1.53699e-06,  -5.24381e-06,  -3.12046e-06,  1.04872e-05,  0.00119086
 -0.0393121,  1.55479e-05,  6.26222e-07,  2.16104e-07,  -1.62103e-07,  1.46193e-06,  9.9595e-07,  0.000112896
 -0.0416365,  -3.90956e-05,  -1.26575e-06,  -5.00579e-06,  -7.52523e-07,  -2.8807e-06,  -1.01919e-05,  -0.00151232
 -0.015306,  -4.03429e-05,  8.32738e-07,  -2.09896e-06,  -2.73675e-06,  -1.27458e-06,  -1.37097e-06,  -0.00134366
 0.000407537,  1.7861e-05,  1.26748e-06,  -3.66651e-07,  -4.04541e-06,  5.73203e-05,  8.73019e-07,  -0.000338901
 0.027167,  -5.85851e-06,  2.07524e-06,  2.46303e-06,  -5.55125e-07,  0.000935706,  5.92628e-06,  -0.000100819
 0.0421759,  3.38025e-06,  -9.25455e-07,  6.88447e-06,  4.21906e-06,  0.00152079,  4.994e-06,  -3.86644e-05
 0.026078,  4.21169e-05,  2.18332e-06,  3.23724e-06,  1.74804e-06,  0.000817764,  -5.05408e-06,  7.00648e-07
 -0.0026354,  -1.18396e-05,  5.76788e-06,  -5.05797e-06,  -4.23888e-06,  0.000587792,  -5.88249e-06,  -2.68152e-06
 -0.0388306,  -2.11712e-05,  -5.88917e-06,  -4.45244e-06,  -1.04398e-06,  -0.000490724,  2.04028e-08,  -1.45467e-06
 -0.040312,  -9.82949e-06,  -7.326e-06,  -2.34388e-06,  -1.83583e-08,  -0.00179612,  3.97942e-06,  9.66854e-07
 -0.0146706,  -2.22441e-05,  4.54105e-07,  -6.41667e-07,  -7.38265e-07,  -0.00116731,  -1.19484e-06,  -4.92651e-07
 0.000340698,  2.42652e-06,  2.20559e-06,  8.12724e-07,  4.89971e-07,  -0.000364877,  -4.10184e-06,  2.50347e-05
 0.0265533,  1.03805e-05,  6.9743e-06,  5.08857e-07,  1.24962e-06,  -9.50473e-05,  3.21957e-07,  0.000112991
 0.0416179,  3.00966e-05,  -1.75553e-06,  1.34366e-06,  1.69807e-06,  3.13921e-06,  1.06522e-06,  0.00068815
 0.0257945,  1.94867e-05,  -7.14138e-06,  2.56098e-06,  1.68015e-07,  -7.29903e-07,  -2.87474e-08,  0.00118487
 -0.00225123,  -4.44539e-06,  6.84317e-07,  -2.07169e-06,  -9.31376e-07,  -7.30329e-06,  -6.14997e-08,  0.00116038
 -0.0375706,  -2.80003e-06,  4.29376e-06,  -7.27149e-07,  -1.26657e-06,  1.56265e-06,  1.08371e-06,  0.000106278
 -0.0396272,  -2.75186e-05,  -1.74254e-06,  7.14705e-07,  -5.42383e-07,  1.95878e-07,  7.06383e-07,  -0.00150928
 -0.0147905,  -2.51226e-05,  -4.68053e-06,  -2.59139e-06,  1.47689e-07,  -4.90545e-07,  -7.8196e-07,  -0.00128287
 0.000255215,  8.86004e-06,  3.16438e-07,  2.10346e-06,  -3.64904e-07,  9.99251e-07,  2.52399e-05,  -0.000313831
 0.0268684,  4.85419e-06,  2.91601e-06,  1.20419e-08,  -1.74932e-07,  1.90084e-06,  0.000332366,  -0.000120497
 0.0440002,  2.16639e-05,  1.45192e-06,  6.93833e-06,  6.73735e-07,  -1.62509e-06,  0.00264331,  -3.51802e-05
 0.0303039,  3.40996e-05,  -2.22287e-06,  5.68491e-06,  -1.35659e-07,  2.45372e-06,  0.00359745,  4.83701e-06
 0.000796206,  -2.89846e-06,  3.40387e-06,  -2.13498e-06,  -9.01004e-07,  2.09142e-06,  0.000967053,  -1.56693e-05
 -0.039181,  -4.67582e-06,  7.09291e-08,  -4.09084e-06,  3.1964e-09,  -5.07163e-06,  -0.00216668,  -3.80456e-06
 -0.0436844,  -2.8888e-05,  -4.19585e-06,  -6.85436e-06,  3.11426e-08,  -6.36844e-07,  -0.00345637,  6.42897e-06
 -0.017307,  -3.66762e-05,  3.72578e-07,  7.62449e-08,  4.17715e-07,  5.3858e-07,  -0.00163242,  2.77736e-06
 -0.000727277,  5.38443e-06,  -1.13789e-06,  -1.07981e-06,  6.12756e-08,  -1.03728e-06,  -0.000174879,  1.81566e-05
 0.0264176,  2.12202e-06,  3.9993e-06,  6.05711e-06,  7.4961e-07,  1.91264e-06,  -0.000128149,  8.13448e-05
 0.0439778,  1.32823e-05,  2.14341e-06,  1.05897e-05,  8.39784e-07,  5.84203e-06,  -1.5909e-06,  0.000651858
 0.0309186,  4.77491e-05,  -5.1289e-06,  4.73663e-06,  -6.81757e-07,  -1.4782e-06,  -3.04815e-06,  0.00128266
 0.00134001,  1.5054e-05,  4.11133e-07,  -7.85886e-06,  2.39024e-09,  -5.84946e-06,  7.9792e-07,  0.0013591
 -0.0399778,  -1.29991e-05,  2.09956e-06,  -1.02437e-05,  -7.60993e-08,  -2.04986e-07,  6.1384e-08,  0.000199481
 -0.0442177,  -3.6799e-05,  2.63867e-07,  -1.28364e-06,  -9.47127e-07,  -6.52103e-07,  -4.66235e-06,  -0.00157411
 -0.017121,  -3.5712e-05,  -5.15167e-07,  -2.64267e-06,  7.53798e-07,  -1.13895e-06,  -2.08176e-07,  -0.00141483
 -0.000742932,  1.9567e-05,  3.88459e-06,  -5.39713e-07,  2.62186e-06,  2.72091e-06,  -6.61341e-07,  -0.000456715
 0.0270956,  3.85565e-06,  1.21485e-06,  4.78357e-06,  3.34478e-06,  1.51273e-06,  5.57686e-07,  -6.98917e-05
 0.0440922,  2.65886e-05,  -5.12267e-06,  3.16534e-06,  -2.66437e-06,  9.3446e-07,  5.15201e-07,  0.000632111
 0.0304705,  3.49824e-05,  -1.81841e-06,  -1.88408e-06,  -4.02325e-06,  4.42865e-07,  1.15158e-07,  0.00118056
 0.00152515,  -1.4709e-05,  1.8816e-06,  -1.74597e-06,  -2.47902e-07,  -3.22441e-06,  2.00812e-06,  0.00118948
 -0.0397501,  -1.16071e-05,  1.78152e-06,  7.00184e-07,  1.11524e-06,  -1.55913e-06,  -6.1394e-07,  0.000185178
 -0.0447141,  -2.63733e-05,  -2.53589e-06,  -1.73105e-06,  1.40124e-06,  -6.06174e-07,  -2.83937e-06,  -0.00144886
 -0.0178473,  -2.72644e-05,  -2.56668e-06,  -3.95265e-06,  -1.28073e-06,  -1.02232e-07,  7.83106e-08,  -0.00135414
 -0.000929737,  9.19289e-06,  1.08159e-06,  1.79438e-06,  -1.89626e-07,  6.7583e-08,  2.11224e-06,  -0.000377495
 0.0272938,  2.43739e-06,  1.47659e-06,  9.9042e-07,  5.04023e-07,  2.67344e-07,  2.69052e-08,  -5.30152e-05
 0.0455931,  3.01127e-05,  -1.72971e-06,  2.19616e-06,  -1.14445e-06,  2.63916e-06,  -9.7703e-07,  0.000385812
 0.0326157,  3.70584e-05,  -1.49556e-06,  3.33831e-06,  -8.3116e-07,  1.22822e-06,  6.01832e-08,  0.000864682
 1.56299e-06,  1.46321e-06,  -2.97457e-07,  2.15934e-06,  2.40382e-07,  -1.49994e-06,  2.23974e-06,  0.00133337
 -0.0438946,  -1.24547e-05,  8.32635e-06,  -1.38395e-06,  1.25746e-07,  -1.31861e-07,  7.928e-07,  0.00065648
 -0.045965,  -4.25818e-05,  1.26207e-06,  -5.59538e-06,  5.03209e-07,  -4.00161e-07,  -3.04684e-06,  -0.00138831
 -0.0166961,  -2.44131e-05,  -7.29445e-06,  -2.52408e-06,  -1.15769e-08,  -1.40235e-06,  -2.07298e-07,  -0.00146739
 -0.00601538,  0.00138024,  6.02366e-06,  3.62035e-06,  0.000154578,  7.58286e-07,  3.75479e-07,  -0.000287119
 -0.00297086,  0.0150679,  -9.88148e-07,  -2.83005e-07,  0.0011823,  -8.59041e-08,  -3.86905e-07,  -9.57467e-05
 -0.000311507,  0.0274963,  1.90911e-05,  -1.37644e-06,  0.00142432,  5.49519e-07,  1.06945e-07,  -4.43857e-05
 1.07254e-05,  0.0192389,  3.89697e-05,  1.18095e-05,  0.000983633,  5.82895e-06,  -1.9239e-07,  4.99389e-07
 4.80209e-05,  -0.0019845,  -7.26881e-06,  9.30098e-07,  0.00164893,  -2.81527e-08,  -5.37157e-07,  -1.18188e-07
 1.22415e-05,  -0.0283292,  -3.12311e-05,  -7.28697e-06,  -7.23734e-05,  -3.9382e-06,  3.38998e-08,  -1.54608e-07
 -5.93803e-05,  -0.0256668,  -1.90907e-05,  -3.37517e-06,  -0.00193514,  1.9747e-06,  1.03085e-06,  2.77374e-07
 -3.21574e-05,  -0.0053802,  -7.95027e-06,  -4.21444e-06,  -0.00141683,  -2.02832e-06,  -2.73809e-07,  -1.65718e-07
 0.00344012,  -0.000943995,  1.10007e-05,  3.18991e-06,  -0.00119821,  -2.60135e-06,  -8.92128e-07,  3.14293e-05
 0.0293414,  -0.000550346,  1.27521e-06,  2.07741e-06,  -0.000674346,  2.51776e-06,  1.99236e-06,  2.34453e-05
 0.0488229,  -0.000255495,  -9.4372e-06,  2.93318e-06,  -9.32314e-05,  3.54533e-06,  9.70915e-07,  0.000326038
 0.0314682,  4.41192e-05,  -3.38085e-07,  -1.16444e-06,  9.8507e-07,  -6.39925e-07,  -1.87627e-06,  0.000720276
 -0.00474331,  3.39597e-06,  2.43623e-06,  -4.62634e-06,  2.80373e-06,  -1.01462e-06,  4.29152e-06,  0.00102357
 -0.0437817,  -6.39378e-05,  -2.58646e-09,  6.81203e-08,  -2.01598e-06,  8.09549e-07,  2.60128e-06,  0.000535782
 -0.042031,  -3.06308e-05,  -1.38605e-06,  -1.39233e-06,  -4.85525e-06,  -2.9656e-06,  -4.96924e-06,  -0.00107692
 -0.0141888,  -2.92691e-05,  1.08379e-06,  -1.37826e-06,  2.26544e-07,  -2.79421e-06,  -1.00431e-06,  -0.00119089
 -0.00509762,  0.00147058,  7.09525e-07,  -9.37744e-07,  1.05941e-06,  7.43482e-05,  6.86381e-06,  -0.000242365
 -0.00283193,  0.01629,  2.26335e-06,  4.17931e-06,  -1.32005e-06,  0.000894513,  1.11502e-08,  -8.33413e-05
 -0.000371001,  0.0303978,  2.58384e-05,  1.31816e-06,  4.88662e-08,  0.00180098,  -2.37803e-06,  -6.07756e-05
 2.84376e-05,  0.0217621,  1.2737e-05,  -3.50897e-06,  1.37161e-06,  0.00133587,  8.88347e-07,  -2.67191e-06
 2.61628e-05,  -0.00256336,  -1.79568e-05,  1.04206e-07,  3.04043e-07,  0.000578626,  1.87949e-06,  -1.18159e-06
 1.19449e-05,  -0.0316483,  -8.10488e-06,  -6.97386e-07,  -1.18935e-06,  -0.00081415,  -2.66172e-06,  -6.28118e-07
 -4.72903e-05,  -0.0283562,  -1.06401e-05,  6.19156e-07,  -7.19382e-07,  -0.00210547,  -6.36859e-06,  4.14406e-06
 -4.71563e-05,  -0.00600891,  -7.37828e-06,  8.48414e-07,  6.60756e-07,  -0.00131765,  2.18622e-06,  -5.80205e-07
 0.0035971,  -0.00067413,  6.0107e-06,  2.60939e-06,  7.73625e-07,  -0.00034774,  -6.85669e-07,  3.99942e-05
 0.0289884,  -0.000362731,  4.7164e-06,  -1.36471e-07,  -9.04175e-07,  -9.46873e-05,  5.44207e-07,  3.652e-05
 0.0457643,  -0.000256581,  -8.32766e-07,  5.10533e-06,  2.25152e-07,  5.19053e-06,  3.47771e-06,  0.00049557
 0.0291325,  5.23059e-05,  -5.3894e-06,  6.52271e-06,  5.99795e-07,  -3.72875e-06,  -8.37051e-07,  0.00104135
 -0.0032118,  -1.73219e-06,  1.57501e-06,  -7.42684e-06,  -9.91445e-07,  -3.59234e-06,  1.01639e-06,  0.001032
 -0.0413822,  -5.97943e-05,  4.01647e-07,  -6.45614e-06,  -4.34881e-07,  2.1308e-06,  1.20842e-09,  0.00027295
 -0.0403159,  -1.5722e-05,  -6.89834e-06,  -1.40503e-06,  1.19333e-06,  -2.7303e-06,  -3.43582e-06,  -0.00126345
 -0.0136618,  -2.29537e-05,  -9.56377e-07,  -1.27063e-07,  -4.38753e-07,  -1.85994e-06,  -1.22582e-06,  -0.00127661
 -0.00533924,  0.00125308,  3.35924e-06,  -1.06275e-06,  1.58126e-06,  -6.54904e-07,  9.03548e-06,  -0.000274153
 -0.00304361,  0.0152367,  5.91053e-06,  5.73091e-06,  9.63517e-06,  1.20906e-07,  0.000303758,  -7.27347e-05
 -0.000462048,  0.0304125,  2.45302e-05,  3.4223e-06,  -2.4091e-06,  1.32474e-06,  0.00231171,  -3.37982e-05
 2.13491e-05,  0.023748,  9.90638e-06,  -4.74529e-06,  8.24527e-07,  5.49629e-06,  0.00331805,  -2.8574e-06
 -4.50949e-06,  -0.00147833,  -1.7893e-05,  -1.66777e-06,  4.00845e-06,  2.90245e-06,  0.0010792,  4.68525e-06
 -2.31909e-06,  -0.0326168,  1.65282e-06,  -1.35132e-06,  -8.89526e-06,  -5.82955e-06,  -0.00208244,  1.00582e-05
 -2.79932e-05,  -0.0288739,  -8.51278e-06,  2.81456e-07,  -4.78233e-06,  -3.68256e-06,  -0.00336917,  5.6529e-07
 -5.31416e-05,  -0.00563839,  -1.77353e-05,  4.80017e-07,  -5.82707e-07,  2.75766e-07,  -0.00145124,  -8.6325e-06
 0.00346322,  -0.00095557,  8.09345e-07,  8.85411e-07,  3.54722e-07,  -3.75886e-07,  -3.06272e-05,  3.55908e-05
 0.0301125,  -0.000676334,  1.79111e-06,  5.0911e-06,  -8.63968e-07,  1.52284e-06,  -7.88263e-05,  1.75558e-05
 0.0486757,  -0.000349103,  -8.50881e-07,  1.00456e-05,  2.07973e-06,  2.90458e-06,  4.32554e-06,  0.000242157
 0.0303077,  4.23647e-05,  2.09562e-06,  -4.23708e-08,  3.36089e-06,  3.44812e-06,  -7.17363e-06,  0.000757027
 -0.00257342,  1.10464e-05,  4.93524e-06,  -1.06886e-05,  -2.52994e-06,  -2.35301e-06,  -1.36033e-06,  0.00116755
 -0.0427948,  -6.02332e-05,  -1.83857e-06,  -3.90877e-06,  -2.23233e-06,  -4.74491e-06,  -2.30611e-06,  0.000739241
 -0.0435599,  -2.01753e-05,  -5.66146e-06,  -1.99404e-06,  4.64313e-07,  -6.20898e-07,  -2.06154e-06,  -0.000999185
 -0.014491,  -3.54896e-05,  -8.54832e-07,  2.38288e-07,  -1.96786e-07,  2.54253e-07,  9.99696e-07,  -0.00140304
 -0.00557725,  0.00122654,  6.29958e-07,  4.59412e-06,  3.92663e-06,  6.91337e-07,  -2.0567e-06,  -0.00045145
 -0.00311566,  0.0151903,  2.53778e-06,  -1.18226e-07,  -2.3542e-07,  2.99125e-07,  4.54236e-07,  -8.47148e-05
 -0.000420028,  0.0289571,  2.02987e-05,  -4.96629e-06,  -1.5708e-06,  -4.36819e-07,  2.14238e-06,  0.000354881
 3.28118e-06,  0.0213335,  5.68562e-06,  -1.67966e-06,  8.63431e-06,  5.85386e-07,  -1.84375e-06,  0.00072019
 2.45836e-05,  -0.00129291,  -1.00507e-05,  2.6419e-06,  -1.5841e-06,  6.66311e-07,  -4.99919e-07,  0.000929574
 1.01307e-05,  -0.0301777,  2.1779e-06,  5.86066e-07,  -8.77393e-06,  -1.71164e-06,  1.29704e-07,  0.000692637
 -2.45257e-05,  -0.0272597,  -1.00249e-05,  -2.65545e-06,  -5.53313e-07,  -4.78947e-07,  -1.43571e-06,  -0.000922041
 -3.104e-05,  -0.0056443,  -9.21315e-06,  -7.31617e-07,  7.64517e-07,  2.03094e-08,  4.46593e-07,  -0.00133302
 0.00357794,  -0.00133463,  2.26778e-06,  5.21523e-07,  -7.25317e-07,  4.66972e-07,  -5.41737e-08,  -0.00035517
 0.0288923,  -0.000661045,  -1.271e-06,  1.38847e-06,  -8.69576e-07,  -1.70014e-07,  -3.25577e-07,  -5.76914e-05
 0.0454646,  -0.00027629,  -3.93049e-06,  5.54499e-06,  2.01606e-06,  4.83709e-06,  -3.84888e-08,  0.000253072
 0.0300679,  -1.19766e-06,  4.56341e-07,  7.24404e-06,  3.96991e-06,  2.90205e-06,  1.27495e-06,  0.000663015
 -0.00154244,  8.5532e-06,  1.16643e-07,  -3.13944e-06,  -3.83712e-07,  -5.52031e-06,  6.22056e-06,  0.00106101
 -0.041616,  -2.93694e-05,  1.03523e-06,  -8.42116e-06,  -4.51478e-06,  -2.06001e-06,  7.7235e-08,  0.000647195
 -0.0415533,  -2.14805e-05,  1.88979e-06,  -2.04998e-06,  1.12907e-06,  2.33688e-06,  -5.96126e-06,  -0.000930067
 -0.014342,  -8.21581e-06,  -1.3408e-06,  9.7771e-07,  2.32521e-06,  -4.27097e-07,  -3.12977e-07,  -0.00121554
 -0.00556963,  -4.24991e-06,  0.000403761,  -1.1364e-08,  0.000158367,  1.18781e-06,  -1.23357e-07,  -0.000327215
 -0.0030028,  -1.75978e-06,  0.00231207,  -3.89131e-07,  0.00110135,  3.20626e-07,  -3.61456e-07,  -0.000140264
 -0.000379929,  -4.05257e-06,  0.00193907,  9.48664e-06,  0.0010582,  -2.75812e-06,  1.03143e-06,  -6.26089e-05
 2.79253e-06,  5.62609e-06,  -0.00134989,  -6.60123e-07,  0.000458053,  3.7461e-06,  -6.12959e-07,  2.75336e-07
 4.59074e-06,  5.20221e-06,  -0.00230709,  -9.99091e-06,  0.00119311,  -1.39004e-07,  -8.69442e-07,  8.28585e-07
 4.92066e-06,  -1.56676e-06,  0.000588712,  2.98905e-06,  6.7424e-05,  -3.66786e-06,  -2.85533e-07,  -2.04234e-06
 -1.06595e-05,  -3.12852e-06,  0.00172296,  -2.2491e-08,  -0.00144907,  1.15716e-06,  -4.52855e-07,  2.43614e-06
 -7.72089e-06,  -6.78223e-06,  -0.00106996,  -2.50859e-06,  -0.00121215,  -7.52954e-07,  1.45091e-07,  -1.58371e-07
 0.00331112,  9.20364e-06,  -0.00164756,  5.34534e-06,  -0.000926286,  -1.87315e-06,  1.55429e-06,  3.59261e-05
 0.0286713,  2.37171e-06,  -0.000473082,  1.67531e-06,  -0.000415787,  2.90865e-06,  -7.90777e-08,  4.63343e-05
 0.0456193,  5.276e-05,  -8.9547e-05,  -4.25848e-06,  -2.94183e-05,  5.24103e-06,  -1.01293e-06,  0.00041801
 0.0277559,  2.90005e-05,  1.71697e-05,  1.95534e-06,  5.32976e-07,  -7.4086e-07,  2.35984e-06,  0.000921972
 -0.00449438,  -2.52224e-05,  -1.65672e-05,  7.74205e-07,  -5.44794e-06,  -5.24022e-06,  2.674e-07,  0.00121289
 -0.0402479,  1.51758e-05,  -2.5095e-05,  -1.19828e-06,  -1.45782e-06,  -1.76689e-06,  8.99407e-07,  0.000631847
 -0.0383238,  -3.63693e-05,  -4.74329e-06,  -8.78012e-07,  1.84613e-06,  2.21685e-06,  -8.31337e-07,  -0.00129033
 -0.0124456,  -4.56857e-05,  6.03086e-07,  -3.18487e-06,  -3.50747e-07,  -1.00619e-07,  -2.43862e-06,  -0.00151943
 -0.00541662,  6.95241e-06,  0.000445087,  -7.98715e-07,  -2.74594e-06,  6.79634e-05,  6.39554e-07,  -0.000341716
 -0.00367588,  1.39832e-07,  0.00207412,  1.76676e-06,  7.90312e-08,  0.000988783,  6.95367e-06,  -8.09638e-05
 -0.000687706,  -9.46008e-06,  0.00135616,  8.00259e-07,  -4.58638e-07,  0.00223902,  7.54303e-07,  -3.26716e-05
 -5.53128e-05,  3.26226e-06,  -0.00138984,  -4.42529e-07,  7.06368e-08,  0.0015521,  -4.73841e-06,  3.12072e-06
 2.8732e-06,  6.29801e-06,  -0.001713,  -1.29683e-07,  3.57134e-07,  0.000210833,  2.73496e-06,  -3.34428e-06
 3.24151e-06,  1.49836e-06,  0.000781368,  -1.04497e-06,  1.09409e-06,  -0.00100267,  -2.32876e-06,  -1.4526e-06
 -9.90788e-06,  -5.71161e-06,  0.00139863,  1.60272e-07,  -5.27619e-07,  -0.00202389,  1.02297e-06,  -3.75538e-06
 -5.84093e-06,  -4.72434e-06,  -0.00105895,  9.74818e-08,  -9.56334e-07,  -0.00141776,  -7.51441e-07,  -2.82359e-06
 0.0036517,  9.07968e-06,  -0.00136891,  1.07799e-07,  0.000200699,  -0.000465096,  -4.80954e-06,  2.90796e-06
 0.030643,  6.87361e-06,  -0.00038508,  3.50625e-06,  0.00137147,  -0.000115318,  9.92429e-07,  1.23462e-06
 0.0486652,  1.33859e-05,  -0.000109232,  -5.40017e-08,  0.00165913,  -2.86804e-05,  1.28026e-07,  -2.76866e-06
 0.0302572,  3.48181e-05,  1.47999e-06,  4.91722e-06,  0.000644442,  -3.8317e-06,  -1.14603e-06,  -2.0265e-06
 -0.00434032,  2.76259e-07,  8.79538e-07,  9.36048e-06,  0.000395332,  2.47522e-06,  6.79084e-07,  1.09503e-06
 -0.0446653,  -1.32028e-05,  -2.29516e-05,  -6.05312e-06,  -0.000730853,  3.21797e-06,  6.27068e-07,  1.2185e-07
 -0.0426969,  -2.39057e-05,  -1.15823e-05,  -7.49565e-06,  -0.00157432,  -5.00397e-06,  -8.99194e-07,  -1.14671e-06
 -0.0132014,  -3.01764e-05,  -1.83486e-06,  -2.81704e-06,  -0.000885108,  -4.55941e-06,  -3.01897e-07,  -4.197e-08
 -0.00476107,  7.68544e-06,  0.000478036,  -2.77162e-06,  -0.000597512,  2.00192e-07,  1.8889e-05,  7.41824e-07
 -0.00299671,  3.92886e-06,  0.00259272,  1.92856e-06,  -0.000380429,  4.35594e-07,  0.0002998,  -2.75056e-07
 -0.000515501,  3.43255e-06,  0.00233281,  3.6655e-06,  -6.94005e-05,  6.06698e-07,  0.00261913,  3.77873e-06
 -3.61711e-05,  3.85558e-06,  -0.00139612,  -6.24026e-07,  -1.11954e-05,  2.2411e-06,  0.00368213,  4.1487e-06
 1.42626e-05,  -3.69176e-06,  -0.0027878,  -3.74299e-06,  -1.15411e-05,  9.59683e-07,  0.000876849,  -3.60204e-06
 7.21494e-06,  -4.22709e-07,  0.000488791,  -9.44327e-07,  -8.19655e-06,  -2.75618e-06,  -0.00231813,  -3.72752e-06
 -1.71502e-05,  -5.15353e-06,  0.00190793,  1.48058e-06,  -2.13994e-06,  -1.77666e-06,  -0.00340498,  -1.57025e-07
 -7.85489e-06,  -5.91384e-06,  -0.00107844,  -3.69672e-07,  1.15083e-07,  7.57098e-08,  -0.00162817,  -5.65616e-07
 -8.31642e-07,  -2.02014e-06,  -0.00182808,  -1.9061e-06,  -1.06891e-06,  7.44816e-08,  -0.000104652,  -5.02919e-07
 -2.372e-07,  -1.2392e-06,  -0.000575182,  7.97278e-07,  5.1939e-07,  -3.41843e-07,  -2.64424e-05,  9.52973e-06
 8.67583e-08,  2.13949e-06,  -8.07249e-05,  4.88192e-07,  2.41531e-06,  -1.20364e-07,  8.79528e-07,  7.73864e-06
 6.80235e-07,  2.02736e-06,  -6.3639e-06,  -7.61014e-07,  5.12907e-08,  4.61404e-08,  -7.83382e-06,  -7.85194e-06
 1.50389e-06,  -2.46349e-06,  -1.80494e-05,  -2.26774e-07,  -2.3018e-06,  3.42334e-09,  -6.22235e-06,  -7.63534e-06
 -7.74559e-07,  -2.32433e-06,  -2.49858e-05,  -1.51782e-08,  -1.05943e-06,  2.65698e-07,  -1.76928e-07,  1.21776e-06
 -1.06027e-06,  -2.45809e-07,  -2.70833e-06,  -2.4044e-07,  -1.35018e-07,  1.35262e-07,  1.01429e-06,  2.1953e-06
 2.28529e-08,  1.92502e-07,  -8.72241e-08,  1.32779e-07,  3.66582e-07,  -1.38556e-07,  -1.24773e-06,  -2.20437e-06
 -3.60507e-07,  1.46374e-06,  -1.56639e-06,  1.12392e-07,  1.89267e-08,  3.99906e-07,  -8.00344e-07,  -2.66173e-06
 8.32047e-08,  8.31275e-07,  9.48021e-07,  7.38832e-08,  -4.05085e-07,  -7.4042e-08,  -2.35172e-07,  -8.63841e-07
 -3.53828e-07,  5.56011e-07,  4.39788e-07,  -2.08271e-08,  1.50958e-06,  2.64661e-07,  9.54618e-07,  3.43723e-07
 -1.60409e-07,  9.71748e-07,  -1.24494e-06,  -1.04031e-07,  1.10561e-06,  2.41997e-07,  1.6152e-06,  1.04285e-06
 3.5171e-07,  -2.18129e-06,  -6.39516e-07,  5.88074e-08,  -1.48164e-06,  -8.04682e-07,  -1.21649e-06,  -3.11304e-07
 3.19812e-07,  -2.03349e-06,  7.81442e-08,  6.50763e-08,  -8.19065e-07,  7.82159e-08,  -6.96429e-07,  -4.8394e-07
 -2.82935e-07,  1.226e-06,  3.60782e-07,  1.54478e-06,  3.39152e-07,  -1.50902e-08,  7.9219e-07,  7.4281e-07
 2.12402e-06,  6.30622e-07,  8.26488e-08,  1.07065e-06,  6.10747e-07,  3.4245e-09,  -9.18022e-07,  2.4346e-07
 5.85312e-07,  -1.05755e-06,  -6.49879e-07,  -1.63814e-06,  -1.70794e-07,  -9.19937e-09,  -8.72287e-07,  -6.52135e-07
 -2.20594e-06,  -5.51099e-07,  -2.50571e-07,  -1.10555e-06,  -7.6683e-07,  -4.01258e-07,  -1.35147e-08,  -4.78708e-07
 -3.77202e-07,  -1.66665e-07,  2.09883e-07,  -5.7601e-08,  9.75465e-07,  3.80204e-08,  2.86764e-07,  1.61997e-06
 -1.54614e-07,  -6.91801e-08,  -5.77542e-08,  -4.51853e-08,  5.46305e-07,  1.00092e-07,  6.5147e-07,  9.33632e-07
 -2.89383e-07,  -2.89972e-08,  -2.21442e-07,  -2.30555e-10,  -3.394e-07,  1.89803e-07,  -1.96754e-07,  -4.17011e-08
 3.12788e-07,  7.82626e-07,  2.02743e-06,  1.89403e-08,  -6.59437e-07,  6.7299e-09,  -2.10707e-07,  -1.20653e-06
 1.62967e-06,  3.05582e-07,  1.84567e-06,  8.17967e-08,  -1.28557e-07,  -1.65449e-07,  1.92393e-07,  -1.09518e-06
 -1.47632e-07,  -5.0342e-07,  -2.07718e-06,  1.45199e-08,  4.0647e-07,  -8.74916e-08,  9.86044e-07,  1.24687e-07
 -9.87511e-07,  -2.71181e-07,  -1.74955e-06,  9.35773e-08,  -6.34305e-07,  -5.14201e-08,  3.11955e-09,  5.46022e-08
 1.24826e-06,  2.31046e-07,  4.06511e-07,  1.39284e-07,  1.65538e-07,  3.49064e-07,  -1.40316e-06,  6.04856e-07
 1.39692e-07,  1.27103e-07,  4.55648e-07,  3.95113e-06,  -6.88865e-08,  5.80679e-07,  4.365e-07,  -6.12034e-07
 -1.37361e-06,  1.47135e-06,  -1.73427e-07,  2.22461e-06,  3.71297e-07,  -3.53523e-07,  4.20244e-07,  -6.50038e-07
 -6.47652e-07,  5.02232e-07,  7.68188e-07,  -3.04839e-06,  1.38967e-07,  -4.08955e-07,  5.33718e-07,  5.59347e-07
 7.27665e-07,  1.81046e-06,  7.98854e-07,  -2.07549e-06,  -8.43456e-07,  1.08272e-07,  -1.81403e-07,  4.65155e-07
 9.39653e-08,  -3.4489e-07,  -1.10858e-06,  -8.04251e-07,  1.99957e-07,  1.7029e-07,  -6.25194e-07,  -4.81277e-07
 -5.30384e-07,  -1.81812e-06,  -1.96567e-07,  4.54334e-09,  7.95765e-07,  4.10551e-07,  3.72676e-07,  -2.94231e-09
 -1.88603e-07,  -2.03263e-07,  4.48355e-07,  2.02372e-06,  3.00791e-07,  5.80133e-07,  -5.09418e-07,  2.0856e-06
 2.04129e-07,  1.09946e-06,  7.63394e-07,  1.3638e-06,  -7.80646e-07,  6.90215e-07,  -3.61375e-07,  3.89248e-06
 2.67107e-07,  3.72437e-06,  9.88894e-07,  -1.31139e-06,  -3.49511e-07,  -3.98276e-10,  8.5743e-07,  3.7905e-06
 -2.22683e-07,  -3.01571e-06,  -1.59443e-06,  -1.55717e-06,  3.06226e-07,  -6.83024e-07,  8.40832e-07,  -2.46463e-06
 -2.23237e-07,  -3.45147e-06,  -1.22663e-06,  -7.80888e-07,  4.39024e-08,  -9.08753e-07,  -5.85617e-07,  -5.23495e-06
 -5.62936e-09,  5.24995e-08,  2.60105e-08,  -1.75986e-07,  -4.05359e-07,  -3.70148e-07,  1.46647e-06,  -1.54778e-06
 3.05811e-07,  -1.9433e-07,  3.18197e-07,  -1.85167e-07,  -3.13278e-07,  3.64512e-07,  7.39848e-07,  1.0395e-06
 1.00296e-07,  -1.10681e-07,  9.12462e-07,  -3.35304e-08,  4.30738e-07,  1.16659e-07,  -2.60334e-06,  5.84606e-06
 1.55692e-06,  1.63976e-08,  -4.95436e-07,  1.32918e-06,  9.17311e-07,  3.65211e-07,  -1.13047e-06,  -3.30979e-07
 1.388e-07,  2.15751e-06,  2.73786e-07,  3.43658e-06,  -1.913e-07,  3.49861e-07,  2.45639e-08,  -1.64235e-06
 7.13863e-07,  3.01899e-07,  -3.12009e-08,  7.85135e-07,  -3.26962e-07,  9.61405e-07,  3.34852e-07,  -1.11887e-06
 1.57055e-07,  -1.81444e-06,  -7.45869e-07,  -2.23146e-06,  9.38771e-07,  -1.00111e-07,  3.9775e-07,  -4.02359e-06
 -2.74307e-06,  -5.18384e-07,  5.7856e-08,  -2.08336e-06,  4.55956e-07,  -1.1297e-06,  1.04753e-07,  -3.5155e-08
 6.48691e-07,  1.05633e-06,  2.66199e-07,  2.53987e-07,  -1.19767e-06,  1.13331e-07,  1.42454e-07,  -3.11494e-07
 1.18509e-06,  1.41818e-06,  2.06059e-07,  4.90308e-07,  -1.10653e-06,  -3.05606e-07,  -2.87279e-07,  7.59111e-08
 -1.34744e-06,  -1.08453e-06,  -7.97836e-08,  -1.26879e-06,  2.85768e-07,  -4.23957e-07,  -3.94641e-07,  -2.62885e-07
 -1.14204e-06,  -9.02924e-07,  1.26414e-07,  -4.85678e-07,  6.2965e-07,  2.33948e-07,  6.97027e-07,  1.93586e-06
 1.19197e-06,  -2.45949e-07,  -1.90082e-07,  4.27443e-07,  9.46242e-07,  1.19882e-08,  3.14675e-07,  -3.53064e-08
 5.0393e-06,  4.05783e-06,  -1.13702e-07,  2.86711e-07,  1.76997e-07,  1.98375e-06,  -6.41428e-07,  -1.99544e-06
 -2.37295e-07,  3.1681e-06,  1.88263e-06,  -2.94299e-07,  -1.07853e-06,  -1.21934e-08,  -2.25231e-07,  3.49233e-08
 -4.12979e-06,  -4.39338e-06,  1.67459e-07,  -1.06158e-07,  -8.08583e-07,  -1.15405e-06,  2.90306e-07,  7.01122e-07
 -5.72458e-07,  -3.14354e-06,  -1.87344e-06,  1.86896e-07,  1.20228e-08,  3.69477e-07,  -1.49966e-07,  1.04483e-06
 -9.43353e-07,  -1.47075e-07,  -3.04372e-07,  1.31914e-08,  1.51543e-07,  -1.1192e-06,  -4.00166e-07,  7.84869e-07
 1.43647e-07,  8.91792e-07,  6.97529e-07,  -9.87359e-08,  -1.01685e-07,  -2.41691e-07,  1.51975e-06,  2.41108e-06
 6.01189e-07,  1.09139e-06,  1.03641e-07,  -8.07785e-08,  -6.1283e-08,  6.05501e-07,  4.30855e-06,  1.37585e-06
 1.1809e-06,  5.65862e-07,  -1.88388e-07,  7.07437e-07,  8.4833e-07,  5.26701e-07,  -1.44535e-06,  -3.41917e-06
 8.14161e-06,  2.49766e-06,  8.00857e-07,  1.5253e-06,  1.86485e-06,  2.11338e-06,  -3.70838e-06,  -1.07205e-06
 -2.44355e-08,  1.01868e-07,  -3.17995e-07,  -1.05408e-06,  1.66928e-07,  -8.92171e-07,  -1.63413e-07,  9.91815e-07
 -8.14256e-06,  -3.399e-06,  -7.12629e-07,  -1.52285e-06,  -1.60359e-06,  -2.87265e-06,  -1.97957e-07,  -1.90249e-06
 -1.08435e-06,  -2.22598e-08,  -4.88564e-07,  3.033e-08,  -2.02628e-07,  9.53414e-07,  1.66626e-07,  -8.48397e-07
 2.95726e-06,  3.42166e-06,  6.34365e-06,  1.32247e-06,  4.28157e-06,  1.06125e-06,  9.45055e-07,  -1.01911e-07
 2.87422e-06,  1.57853e-06,  4.42461e-06,  3.80106e-06,  2.91949e-06,  -4.14279e-07,  1.59141e-06,  1.09617e-06
 -4.60221e-07,  -8.54551e-07,  -4.99375e-06,  1.08201e-06,  -2.98337e-06,  3.96062e-07,  3.74309e-07,  4.42448e-07
 -1.35632e-06,  2.14123e-06,  -1.94045e-06,  -5.45288e-07,  -3.18045e-06,  1.40753e-06,  -4.04625e-07,  -4.13083e-07
 -2.6058e-06,  1.23738e-06,  8.39203e-07,  -1.94185e-06,  -1.05696e-06,  -1.15715e-06,  -9.17291e-07,  -5.77428e-07
 -2.12943e-06,  -1.11432e-07,  -1.69806e-06,  -2.58203e-06,  -1.56489e-07,  1.55628e-08,  -1.15066e-06,  -6.07524e-08
 2.41571e-07,  -3.72235e-06,  -1.75073e-06,  1.51964e-06,  -4.06595e-07,  -3.24569e-07,  -4.55135e-07,  3.2566e-06
 9.97148e-08,  -5.27403e-06,  -9.69952e-07,  -3.20857e-07,  4.4e-07,  -1.96767e-06,  -7.35679e-08,  3.57557e-06
 -9.80556e-08,  -2.10364e-07,  -8.55338e-07,  -1.34974e-06,  2.06648e-07,  6.18334e-08,  8.38071e-07,  -1.91325e-07
 3.20842e-07,  1.18155e-06,  6.09171e-07,  -3.68162e-07,  -8.0867e-07,  1.8968e-08,  1.91101e-06,  -4.30244e-06
 1.33343e-06,  3.1561e-07,  1.23718e-06,  1.7802e-06,  1.06704e-06,  1.41245e-06,  -9.46489e-07,  -2.3276e-06
 1.1998e-06,  1.39971e-06,  -5.26108e-07,  6.90885e-07,  8.81333e-07,  1.02024e-06,  -5.22206e-07,  6.18088e-06
 2.78895e-08,  1.46368e-07,  -7.6895e-07,  -2.36757e-06,  -1.4022e-06,  -4.07062e-07,  -1.88571e-07,  1.73063e-06
 -9.43476e-07,  -1.47636e-06,  4.52225e-07,  4.65116e-07,  -4.14983e-07,  -2.14405e-07,  -1.04219e-06,  -6.38035e-06
 -1.82196e-06,  -3.93498e-07,  -2.83804e-07,  1.15864e-06,  6.35471e-07,  -8.41668e-07,  2.92327e-07,  -1.99959e-06
 -1.3322e-07,  9.72997e-07,  1.09465e-06,  -7.79714e-08,  4.64005e-07,  -5.00575e-07,  -9.34875e-08,  3.89327e-07
 7.82956e-07,  4.32209e-07,  -1.7549e-08,  -5.71953e-07,  3.29756e-06,  9.05327e-07,  1.27849e-06,  -2.6945e-07
 -1.31167e-08,  -1.6242e-06,  -1.61019e-06,  -4.66181e-07,  3.04659e-07,  2.07926e-07,  8.36958e-07,  -3.8868e-07
 -1.8249e-07,  -8.27639e-08,  3.69092e-07,  1.61233e-06,  -2.4961e-06,  1.11239e-08,  -5.87067e-07,  8.58417e-07
 6.46743e-07,  -4.25333e-07,  3.87556e-07,  3.331e-06,  -4.47092e-07,  2.50778e-06,  -1.19314e-06,  6.91822e-06
 8.86026e-07,  -3.48219e-07,  -6.37024e-07,  -1.6608e-06,  -3.17615e-07,  -8.80089e-07,  -4.01942e-07,  3.89775e-06
 -8.83595e-07,  2.9645e-07,  1.34128e-07,  -4.03062e-06,  -8.2214e-07,  -2.99793e-06,  2.7156e-08,  -6.71661e-06
 -1.67307e-06,  7.90746e-07,  5.53042e-07,  -5.8424e-07,  -1.13268e-06,  1.74729e-07,  -4.04463e-07,  -4.5589e-06
 -3.23722e-07,  4.8806e-08,  -1.00281e-08,  2.51094e-07,  -2.55715e-08,  4.59241e-07,  4.59301e-07,  1.26029e-07
 3.41199e-07,  -9.65432e-07,  -2.51342e-07,  1.15617e-06,  1.96411e-08,  -4.41104e-07,  -2.86856e-07,  -7.67335e-08
 7.11739e-07,  -3.72613e-07,  4.52455e-07,  2.37132e-07,  1.03989e-07,  -1.16682e-07,  -3.82672e-08,  2.53234e-06
 -1.81664e-07,  4.92565e-08,  3.6973e-07,  -8.98064e-07,  1.50772e-07,  1.56621e-08,  1.18641e-06,  4.97594e-07
 8.43158e-07,  7.48746e-07,  2.71894e-07,  2.01399e-07,  1.22256e-08,  3.14141e-07,  6.26758e-07,  2.1283e-06
 1.68966e-06,  2.20853e-07,  2.65048e-06,  -1.68633e-07,  1.10846e-06,  5.90998e-08,  1.05743e-06,  4.02852e-06
 -1.41861e-06,  -6.89164e-07,  -1.01681e-06,  -6.96091e-07,  6.86929e-07,  -4.75977e-07,  -1.09525e-06,  -4.96194e-06
 -1.02699e-06,  2.50062e-07,  -3.21634e-06,  1.1923e-06,  -1.03303e-06,  3.62831e-07,  -1.85538e-06,  -4.68296e-06
 6.33259e-07,  7.30092e-07,  1.63029e-07,  8.92688e-07,  -7.118e-07,  2.50672e-07,  9.59527e-07,  9.84494e-07
 -4.42992e-07,  -3.55792e-07,  -1.2778e-07,  -1.01583e-06,  9.60103e-07,  -2.88526e-07,  1.59079e-07,  1.13714e-07
 -2.78831e-07,  -3.79534e-07,  -2.87973e-07,  -7.61053e-07,  -1.45887e-07,  -3.49206e-07,  -8.52653e-07,  -1.00171e-06
 -3.48753e-07,  5.09832e-07,  2.79745e-06,  2.04909e-07,  -7.38993e-07,  4.21788e-07,  8.52372e-08,  -2.62071e-07
 2.24978e-07,  3.10732e-06,  2.57255e-06,  1.0003e-06,  -5.56642e-09,  2.56462e-06,  2.9499e-06,  1.29302e-06
 3.27027e-07,  -3.21635e-08,  -2.33658e-06,  -4.07095e-07,  -4.73121e-07,  3.97081e-07,  1.06579e-06,  6.88184e-07
 -6.69468e-07,  -3.46359e-06,  -2.16601e-06,  -5.32227e-07,  6.97806e-08,  -2.44464e-06,  -2.10945e-06,  -7.24308e-07
 -5.07052e-08,  -2.80511e-07,  -3.60204e-07,  -1.11122e-07,  2.21504e-08,  -9.6512e-07,  -1.78208e-06,  3.43373e-07
 2.2688e-08,  7.93211e-07,  -4.34097e-07,  -5.91181e-07,  -2.8716e-08,  -6.21974e-08,  -5.09235e-07,  3.69754e-07
 -5.93041e-08,  -2.1206e-08,  3.80359e-08,  1.3207e-08,  1.22727e-07,  1.8002e-07,  4.88637e-07,  1.40734e-06
 4.9211e-07,  -6.75256e-07,  -6.63613e-08,  -6.25974e-09,  -2.34518e-08,  -8.05952e-08,  7.76407e-07,  3.67442e-06
 -1.40098e-07,  -8.1881e-08,  3.56993e-08,  1.20833e-08,  -1.27619e-07,  -2.20528e-07,  -1.78095e-07,  2.09169e-07
 -3.06973e-07,  8.64186e-07,  -1.48825e-08,  1.47648e-07,  1.55203e-08,  -9.47745e-08,  -1.23128e-06,  -4.55124e-06
 1.71624e-07,  2.02886e-08,  2.03226e-07,  3.44841e-07,  9.40593e-07,  2.66158e-07,  -2.55991e-07,  -2.04293e-06
 2.11287e-06,  -9.7247e-07,  3.89134e-07,  1.14731e-06,  7.77055e-07,  9.8556e-07,  3.66457e-07,  2.46098e-06
 6.77216e-07,  -8.39053e-08,  2.79184e-07,  -1.07872e-07,  -8.15272e-07,  8.41499e-08,  7.11943e-08,  3.87018e-07
 -2.27009e-06,  -5.49943e-08,  -3.77447e-07,  -1.12997e-06,  -7.47367e-07,  -9.95402e-07,  -1.44941e-07,  -2.09738e-06
 -7.3018e-07,  -1.67332e-07,  -6.67615e-07,  -2.11969e-07,  -1.43441e-07,  -3.18675e-07,  5.34778e-07,  -4.52674e-08
 4.05127e-07,  1.17479e-07,  1.42775e-07,  1.13856e-07,  7.6813e-09,  6.93011e-08,  -1.37169e-07,  7.08066e-09
 8.01405e-08,  2.34968e-07,  4.05303e-08,  -2.5061e-08,  2.16913e-07,  1.55109e-07,  -4.70953e-07,  -9.35193e-07
