 1.76432e-07,  3.20021e-07,  3.90873e-07,  5.4963e-07,  9.47366e-07,  5.9106e-07,  1.28295e-07,  1.81731e-07
 1.09422e-07,  1.57275e-07,  2.39136e-07,  1.72016e-07,  6.55489e-07,  9.92686e-08,  2.83653e-07,  2.59042e-06
 9.35284e-07,  4.54519e-07,  3.94243e-08,  3.78267e-07,  1.67793e-07,  9.70148e-08,  2.41482e-07,  4.99752e-06
 1.18182e-06,  3.84113e-07,  2.07383e-07,  1.29444e-07,  9.67e-08,  6.85722e-09,  2.35878e-07,  1.37648e-06
 8.48052e-07,  8.19068e-07,  2.29192e-06,  6.93427e-07,  7.22512e-07,  2.13352e-07,  8.21028e-07,  9.09458e-07
 6.00848e-07,  2.66101e-06,  4.41859e-06,  2.80621e-06,  1.31202e-07,  5.56106e-07,  8.89015e-07,  1.29623e-06
 4.96332e-07,  7.34061e-07,  4.34555e-07,  1.33069e-06,  2.98253e-07,  8.08952e-07,  1.33753e-07,  8.22232e-07
 1.88472e-08,  5.987e-08,  2.25512e-08,  1.27046e-07,  1.82223e-07,  3.06713e-07,  9.73788e-07,  8.91248e-07
 1.78721e-07,  1.80635e-08,  1.74041e-08,  1.78256e-08,  3.52098e-08,  4.51939e-08,  4.82046e-07,  2.80291e-07
 1.71648e-07,  4.95579e-08,  5.20924e-07,  3.90269e-10,  3.30993e-07,  6.28685e-07,  7.38779e-07,  3.92903e-07
 2.25594e-06,  7.87963e-07,  7.47551e-07,  2.09282e-06,  1.99783e-07,  2.93936e-06,  1.66778e-06,  1.66885e-06
 9.63465e-07,  1.09973e-06,  1.3418e-06,  2.41834e-06,  9.15607e-07,  1.41658e-06,  1.89249e-06,  3.8133e-06
 3.87615e-07,  1.51171e-06,  9.45559e-07,  8.52674e-07,  1.87001e-06,  1.44338e-06,  3.06953e-07,  7.9769e-07
 8.13578e-08,  1.70222e-06,  1.48757e-06,  1.85009e-06,  8.90676e-07,  2.13167e-06,  3.04751e-07,  3.22681e-07
 1.32754e-07,  7.9583e-08,  5.03836e-09,  4.83948e-07,  1.983e-07,  2.24311e-07,  1.52253e-07,  3.92364e-07
 2.77001e-08,  3.22129e-07,  4.17365e-07,  1.36052e-07,  3.66581e-07,  8.37713e-07,  3.51015e-07,  2.03079e-06
 3.2564e-07,  1.64657e-06,  4.69962e-07,  1.00301e-07,  7.82647e-07,  7.97951e-07,  2.14848e-07,  2.21209e-06
 2.34126e-08,  1.66815e-06,  2.71002e-07,  3.62582e-07,  1.22217e-06,  1.58752e-07,  6.01478e-07,  1.50742e-06
 4.0663e-07,  2.22744e-07,  1.15505e-08,  1.63343e-07,  2.27632e-07,  1.26502e-07,  2.02566e-07,  6.30404e-07
 2.23061e-08,  9.24944e-07,  2.90768e-09,  3.35523e-08,  3.23077e-08,  1.94898e-07,  1.4007e-07,  5.5779e-06
 3.0209e-08,  4.24136e-07,  1.53825e-07,  2.08013e-07,  4.91341e-09,  1.26786e-07,  4.53991e-08,  3.04963e-07
 3.7395e-07,  4.70291e-07,  1.01087e-06,  1.18433e-07,  1.18236e-07,  6.69709e-08,  1.2004e-07,  5.85903e-07
 4.31287e-06,  5.28626e-07,  1.09916e-06,  1.34233e-06,  3.1946e-07,  2.57534e-07,  1.16734e-06,  1.18315e-06
 2.4507e-06,  1.69878e-06,  1.12024e-06,  3.10217e-07,  7.94749e-08,  3.55546e-07,  1.06703e-06,  8.84624e-07
 7.6928e-07,  4.56393e-07,  3.02992e-07,  5.92583e-07,  1.25438e-07,  1.22583e-06,  4.98693e-07,  2.2318e-07
 3.23823e-07,  8.64642e-07,  3.06459e-07,  1.14193e-06,  6.5509e-07,  9.73961e-07,  3.77143e-07,  2.12504e-07
 1.59514e-07,  6.09698e-08,  1.01451e-06,  3.86102e-06,  1.14094e-06,  2.04874e-07,  1.04704e-06,  5.89964e-07
 1.80642e-06,  4.22252e-07,  1.21361e-06,  7.68968e-07,  6.92609e-07,  2.62975e-07,  9.52526e-08,  1.13257e-06
 5.18144e-07,  6.49561e-07,  1.1604e-06,  3.23011e-07,  4.16209e-07,  1.31692e-07,  2.79092e-07,  1.42609e-06
 2.5334e-08,  1.94866e-08,  5.934e-07,  5.00919e-08,  2.70907e-07,  8.83679e-08,  1.14262e-07,  3.71401e-07
 2.12281e-07,  6.93798e-08,  2.45928e-07,  7.51569e-08,  3.32068e-07,  1.04705e-07,  8.09624e-09,  1.11088e-06
 0.00320112,  2.76206e-05,  4.04258e-06,  2.13548e-06,  0.000152151,  6.46712e-07,  1.08574e-06,  7.27616e-06
 0.0291829,  4.87105e-06,  4.29773e-06,  2.89079e-06,  0.00133161,  2.09966e-06,  5.95433e-06,  5.99407e-06
 0.0506373,  5.47278e-05,  2.05071e-06,  6.05346e-06,  0.0021864,  3.38265e-07,  4.41853e-06,  5.71539e-08
 0.0584941,  3.63341e-05,  3.33939e-06,  7.4988e-06,  0.00283775,  6.85436e-07,  5.52436e-07,  3.86427e-06
 0.0487549,  4.04442e-05,  2.38876e-06,  7.33778e-06,  0.00336398,  5.98774e-06,  6.3461e-08,  6.68609e-06
 0.0190741,  2.9045e-05,  1.45846e-06,  5.03052e-06,  0.00197884,  6.36817e-06,  1.14611e-06,  6.02959e-07
 0.00626584,  5.42279e-06,  6.90591e-07,  2.31943e-06,  0.000974523,  3.74111e-07,  4.53873e-06,  1.2454e-06
 0.00283692,  1.71987e-07,  6.02424e-07,  1.13784e-06,  0.000497141,  3.06394e-08,  7.33699e-07,  1.80222e-06
 0.00592983,  4.57534e-06,  6.08823e-06,  2.40605e-06,  9.32189e-05,  3.03202e-06,  2.64357e-07,  3.22804e-05
 0.0295019,  1.3947e-05,  6.98048e-06,  1.50512e-06,  1.38577e-05,  7.00868e-07,  4.4192e-07,  0.000103626
 0.0480476,  5.04417e-05,  1.52346e-07,  4.71187e-06,  1.02851e-05,  6.13825e-06,  2.30596e-07,  0.000701962
 0.0576589,  3.25663e-05,  2.87193e-07,  2.29195e-06,  3.50767e-06,  2.64812e-07,  7.97536e-07,  0.00133336
 0.0476599,  4.37024e-05,  3.28857e-06,  6.24886e-06,  5.04128e-06,  3.01779e-06,  1.07178e-05,  0.00189282
 0.0183468,  4.81142e-05,  9.13415e-07,  2.50805e-06,  3.34557e-06,  1.72675e-06,  1.79349e-06,  0.00144626
 0.00602336,  4.60683e-06,  2.02283e-06,  1.24307e-06,  4.28875e-06,  1.37096e-07,  5.25909e-07,  0.000380504
 0.00304081,  7.77134e-06,  1.74615e-06,  4.09097e-07,  6.08824e-07,  4.52168e-07,  4.22515e-07,  0.000102594
 0.0064309,  2.24678e-05,  3.29031e-06,  8.76418e-07,  2.43346e-07,  5.74574e-05,  1.39893e-06,  4.16024e-05
 0.0302078,  1.91283e-06,  3.8214e-06,  2.87212e-06,  5.36989e-08,  0.000936158,  6.3488e-06,  1.77531e-06
 0.0486068,  2.5848e-05,  2.36485e-06,  7.76089e-06,  4.46241e-06,  0.00157824,  6.39293e-06,  2.93803e-06
 0.0562858,  4.40297e-05,  6.00472e-06,  6.10936e-06,  1.80174e-06,  0.00175392,  1.29472e-06,  2.47596e-06
 0.0459714,  1.40085e-05,  8.13273e-06,  2.70292e-06,  2.2353e-07,  0.00216604,  5.10436e-07,  2.56514e-07
 0.0174552,  2.28585e-05,  1.15552e-07,  1.65692e-06,  7.57764e-07,  0.0012632,  1.31513e-06,  1.02129e-06
 0.00565944,  4.17897e-06,  8.06723e-07,  3.59044e-07,  2.05172e-07,  0.00036992,  4.48986e-06,  1.22337e-06
 0.00278451,  6.14359e-07,  5.69657e-07,  1.01525e-06,  1.94988e-08,  9.58861e-05,  1.20286e-07,  5.28637e-07
 0.00600014,  6.60549e-06,  3.01232e-06,  1.17177e-06,  6.95143e-07,  5.0425e-06,  3.8802e-07,  2.6258e-05
 0.0293379,  1.09948e-05,  7.54395e-06,  1.52411e-06,  1.26912e-06,  8.38834e-07,  4.42243e-07,  0.00011352
 0.0476181,  3.67021e-05,  1.25679e-06,  2.51542e-06,  2.39322e-06,  8.18171e-06,  1.45324e-06,  0.000714408
 0.0551324,  3.04816e-05,  4.02572e-07,  4.08509e-06,  1.43713e-06,  1.08931e-07,  4.13496e-07,  0.00129839
 0.0453668,  3.22567e-05,  1.9411e-06,  4.43733e-07,  1.46184e-06,  8.78422e-07,  1.39174e-06,  0.00187479
 0.0175618,  2.76815e-05,  4.69633e-06,  3.35794e-06,  1.70556e-07,  1.67158e-06,  1.49721e-06,  0.00140467
 0.00573963,  4.73812e-06,  1.98569e-07,  1.15844e-06,  9.19458e-07,  1.0743e-06,  2.09812e-06,  0.000365513
 0.00277131,  2.55889e-06,  1.58031e-08,  7.66549e-07,  3.18245e-07,  1.18104e-06,  7.15248e-07,  0.000121798
 0.00599484,  1.35982e-05,  5.15007e-07,  3.2619e-06,  5.54554e-07,  2.07355e-06,  2.7338e-05,  5.1682e-05
 0.0296397,  7.41308e-06,  2.93181e-06,  7.78591e-07,  1.43313e-07,  3.08188e-06,  0.000333081,  1.3015e-06
 0.049995,  3.5262e-05,  1.96693e-06,  1.02002e-05,  1.22829e-06,  4.48456e-07,  0.00267065,  1.65019e-05
 0.0599437,  4.15127e-05,  7.0894e-07,  6.4635e-06,  7.65457e-09,  5.5356e-06,  0.00393053,  6.13851e-06
 0.0507912,  3.23636e-05,  5.3708e-06,  8.06525e-06,  3.27285e-07,  2.53987e-06,  0.0036377,  8.32604e-07
 0.0207627,  3.68369e-05,  7.79869e-07,  2.37266e-06,  1.0851e-08,  4.63967e-07,  0.00176385,  2.33395e-06
 0.00710679,  3.47557e-06,  1.17495e-06,  1.21089e-06,  3.58428e-07,  1.90303e-06,  0.00018133,  7.26158e-06
 0.00345568,  1.60709e-07,  1.15245e-06,  2.4489e-06,  4.28566e-07,  1.00255e-06,  0.000131425,  5.11131e-06
 0.00637951,  8.86e-06,  3.70608e-08,  1.31075e-07,  4.19704e-07,  8.65751e-07,  6.4515e-06,  2.54182e-05
 0.0298733,  2.28273e-06,  5.15175e-06,  8.50601e-06,  1.17818e-06,  2.91519e-06,  3.27546e-06,  8.64561e-05
 0.0503574,  2.21423e-05,  2.18047e-06,  1.07208e-05,  1.25949e-06,  6.70778e-06,  4.8606e-06,  0.000677276
 0.0607919,  5.00318e-05,  2.28451e-08,  1.32426e-05,  4.9642e-07,  1.43699e-06,  2.27317e-07,  0.00136912
 0.0516974,  3.71963e-05,  2.5916e-06,  2.86191e-06,  1.26188e-06,  8.58321e-07,  5.65852e-06,  0.00203637
 0.0208141,  3.70327e-05,  2.1224e-06,  2.9989e-06,  4.20321e-07,  1.23201e-06,  2.88701e-07,  0.0015686
 0.00747966,  3.97358e-07,  2.85547e-06,  1.57827e-06,  3.14752e-07,  2.06217e-07,  9.96167e-07,  0.00046226
 0.00369311,  1.32068e-06,  1.60723e-06,  3.56232e-07,  1.17412e-06,  9.306e-08,  8.05256e-08,  0.000153765
 0.00673672,  1.99644e-05,  6.74007e-06,  1.03856e-06,  2.93661e-06,  2.92713e-06,  3.34825e-07,  5.54557e-06
 0.0307887,  5.17633e-06,  2.82208e-06,  5.13981e-06,  4.5189e-06,  1.60579e-06,  6.38212e-07,  8.38732e-05
 0.050829,  4.65529e-05,  1.6174e-06,  4.2039e-06,  2.72236e-07,  3.86159e-06,  8.50026e-07,  0.000637657
 0.0612591,  4.01587e-05,  1.00367e-06,  3.25573e-06,  4.9565e-07,  2.04866e-06,  7.5337e-07,  0.00126444
 0.0523541,  3.18439e-05,  3.499e-06,  2.45793e-06,  2.43331e-08,  6.37174e-07,  2.85815e-06,  0.00182714
 0.021509,  2.85516e-05,  2.78519e-06,  3.95591e-06,  1.61089e-06,  4.89531e-07,  1.3943e-07,  0.00144961
 0.00763997,  5.4706e-06,  9.63112e-07,  7.26872e-07,  1.42558e-06,  3.10003e-08,  1.87764e-08,  0.000378272
 0.00366172,  1.28718e-06,  2.185e-07,  3.25674e-09,  3.30162e-07,  3.87299e-07,  2.17741e-07,  9.54761e-05
 0.00671024,  1.46635e-05,  2.04471e-06,  2.52125e-06,  1.23595e-06,  9.85833e-08,  2.13102e-06,  7.76877e-07
 0.0309555,  3.72457e-06,  1.69509e-06,  9.93676e-07,  8.34185e-07,  6.54644e-07,  2.44646e-07,  4.2461e-05
 0.0523034,  4.47762e-05,  3.14993e-07,  4.71741e-06,  9.15031e-08,  2.73774e-06,  1.15399e-06,  0.000386589
 0.0635713,  4.0783e-05,  1.99524e-07,  4.33199e-06,  3.02532e-09,  1.88286e-06,  3.04829e-07,  0.000907143
 0.0523049,  4.62394e-05,  1.75359e-08,  6.87675e-06,  3.31885e-07,  1.2378e-06,  3.39373e-06,  0.00171995
 0.0196766,  2.83283e-05,  8.52588e-06,  2.94804e-06,  1.28771e-07,  1.751e-06,  1.09763e-06,  0.00156362
 0.0063399,  3.65767e-06,  1.2796e-06,  1.28137e-06,  8.35095e-07,  8.37641e-07,  3.4689e-07,  0.000331649
 0.00298048,  3.91528e-06,  1.23142e-06,  4.23962e-07,  1.17194e-07,  3.48646e-07,  8.90332e-07,  9.62324e-05
 0.000324514,  0.0013839,  7.30326e-06,  4.90171e-06,  0.000155413,  1.59593e-06,  7.22369e-07,  4.45293e-05
 9.62569e-06,  0.0150718,  2.43277e-07,  1.40956e-07,  0.00118242,  2.62742e-07,  5.03426e-07,  4.85703e-07
 1.30077e-05,  0.0288802,  2.63943e-05,  3.52527e-06,  0.00157974,  2.14545e-06,  8.29314e-07,  1.43696e-07
 2.03511e-05,  0.0343107,  3.9213e-05,  1.19504e-05,  0.00216605,  6.09169e-06,  3.11036e-07,  9.85092e-07
 6.10285e-05,  0.0268957,  1.91255e-05,  4.45537e-06,  0.00322866,  2.11729e-06,  2.92157e-07,  2.55082e-08
 3.25926e-05,  0.00598154,  7.9819e-06,  4.66346e-06,  0.00209368,  2.15349e-06,  3.44936e-07,  8.30483e-07
 1.64818e-06,  0.00122887,  3.47735e-08,  1.08019e-06,  0.00129352,  4.09199e-06,  1.32301e-06,  3.02882e-07
 4.35195e-07,  0.000601335,  3.16352e-08,  4.49018e-07,  0.00067685,  1.25174e-07,  7.11271e-08,  6.64765e-07
 0.00344177,  0.000284873,  1.10355e-05,  4.2701e-06,  9.53116e-05,  1.49064e-06,  4.30884e-07,  3.17322e-05
 0.0293418,  5.09893e-05,  1.30685e-06,  2.52643e-06,  2.50407e-06,  2.64293e-06,  2.06349e-06,  2.41101e-05
 0.0522646,  2.93778e-05,  1.59826e-06,  7.20329e-06,  2.08023e-06,  5.03597e-06,  1.4018e-06,  0.000357771
 0.0608101,  9.51085e-05,  9.68764e-07,  1.36199e-06,  3.48914e-06,  2.003e-06,  1.87219e-07,  0.000744387
 0.0475213,  3.27738e-05,  4.03448e-06,  2.57695e-06,  4.88395e-06,  4.02135e-06,  5.69332e-06,  0.00138135
 0.0170283,  3.11707e-05,  9.66177e-07,  1.43011e-06,  1.47316e-06,  2.81255e-06,  2.7885e-06,  0.00128017
 0.00549028,  2.14299e-06,  2.64843e-06,  1.18463e-06,  2.87052e-08,  1.05575e-06,  7.24083e-07,  0.000304423
 0.00283951,  1.90156e-06,  2.04997e-06,  5.1855e-08,  1.6997e-06,  1.83401e-08,  1.78419e-06,  8.92739e-05
 0.000392665,  0.00147273,  3.35796e-06,  2.46881e-07,  1.08812e-06,  7.5404e-05,  7.58789e-06,  6.20577e-05
 7.5778e-06,  0.0162919,  4.31331e-06,  4.23116e-06,  3.79647e-07,  0.000894531,  1.79534e-06,  5.93261e-06
 2.1664e-05,  0.0318705,  2.91963e-05,  1.56504e-06,  1.13698e-06,  0.00187639,  5.20986e-06,  1.28216e-06
 3.60154e-05,  0.038054,  1.70503e-05,  7.22187e-07,  1.75126e-06,  0.00223041,  2.68369e-06,  3.2607e-06
 4.78268e-05,  0.0293072,  1.12395e-05,  1.66925e-06,  1.44103e-06,  0.00245501,  7.08935e-06,  1.00566e-07
 4.79603e-05,  0.00640562,  8.94539e-06,  2.48017e-08,  5.61904e-07,  0.00141625,  2.19637e-08,  2.63258e-06
 5.36474e-07,  0.000950956,  5.99438e-07,  2.2884e-06,  7.21645e-07,  0.000349542,  7.20762e-07,  4.24463e-06
 8.04014e-07,  0.000396716,  1.56711e-06,  8.73216e-07,  1.22266e-06,  9.8605e-05,  2.20818e-06,  2.05237e-06
 0.00359763,  0.000276826,  6.61014e-06,  4.89779e-06,  1.49527e-06,  1.80212e-06,  3.50926e-08,  4.42388e-05
 0.0289892,  3.39844e-05,  6.28351e-06,  7.36745e-07,  3.18485e-07,  3.91772e-06,  2.75239e-06,  3.85724e-05
 0.0493619,  2.02454e-05,  5.77737e-06,  1.00031e-05,  1.72042e-06,  6.99265e-06,  3.5128e-06,  0.000539809
 0.0581218,  8.62904e-05,  8.9411e-07,  7.25946e-06,  9.1828e-07,  1.8897e-07,  1.91534e-06,  0.00107992
 0.0461501,  1.85132e-05,  7.35238e-06,  2.57628e-06,  7.28976e-07,  3.40031e-06,  4.52919e-06,  0.00157181
 0.0167396,  2.64961e-05,  1.29576e-06,  8.03317e-07,  4.83399e-07,  2.31977e-06,  1.91655e-06,  0.00135287
 0.00583421,  2.79116e-06,  4.54036e-07,  1.17126e-06,  1.92231e-06,  6.70011e-07,  1.09338e-06,  0.000308357
 0.00307774,  3.54235e-06,  3.3938e-07,  6.76254e-07,  4.46469e-08,  4.59828e-07,  6.90727e-07,  7.62527e-05
 0.000494972,  0.00125587,  3.81328e-06,  1.0851e-07,  3.50357e-06,  1.51069e-08,  1.01289e-05,  3.42035e-05
 3.41282e-05,  0.0152402,  6.24991e-06,  6.40716e-06,  9.67981e-06,  5.80733e-07,  0.000304449,  3.51801e-06
 3.29239e-05,  0.0316683,  2.83435e-05,  3.53081e-06,  1.09447e-06,  1.33985e-06,  0.00232184,  4.05302e-07
 5.54773e-05,  0.0389883,  1.61563e-05,  1.66187e-06,  1.05043e-05,  6.07702e-06,  0.0036225,  6.60611e-07
 2.84144e-05,  0.03019,  1.04504e-05,  1.86304e-06,  5.10292e-06,  4.24229e-06,  0.00340104,  5.09055e-06
 5.31582e-05,  0.00637147,  1.78091e-05,  3.10549e-07,  1.60908e-06,  2.47467e-07,  0.00154006,  1.07188e-05
 4.21224e-07,  0.00131611,  1.93765e-06,  2.14449e-06,  3.20587e-07,  5.59729e-07,  3.18679e-05,  5.65584e-06
 1.66386e-08,  0.000733077,  7.38496e-08,  7.90566e-07,  1.02637e-06,  5.23234e-07,  8.88143e-05,  2.08634e-06
 0.00346364,  0.000360543,  2.747e-06,  3.0299e-06,  6.7531e-07,  1.83843e-07,  1.24069e-06,  4.12466e-05
 0.0301125,  5.67437e-05,  1.86496e-06,  5.88167e-06,  1.62403e-07,  2.04608e-06,  9.98797e-06,  1.96421e-05
 0.0521394,  1.14399e-05,  1.89612e-06,  1.30755e-05,  2.75504e-06,  3.08843e-06,  5.56623e-06,  0.000283404
 0.0604201,  9.91085e-05,  3.96058e-06,  5.8393e-06,  3.52329e-06,  5.49419e-06,  2.81434e-06,  0.000776669
 0.049566,  2.24863e-05,  6.83136e-06,  2.3869e-06,  2.25106e-07,  7.35414e-07,  4.2059e-06,  0.00145095
 0.0176253,  3.88753e-05,  2.12201e-06,  1.93053e-06,  1.29096e-06,  7.49287e-07,  5.0823e-07,  0.00151591
 0.00600608,  2.31092e-06,  1.16989e-06,  3.92855e-07,  6.8942e-07,  1.14516e-07,  2.14437e-06,  0.000451768
 0.00313433,  3.38567e-06,  1.26717e-06,  2.16882e-06,  1.09418e-06,  1.00354e-06,  1.50793e-06,  0.00011287
 0.000428831,  0.00122885,  1.79985e-06,  4.98698e-06,  4.61605e-06,  8.05854e-07,  8.76692e-08,  3.18007e-07
 1.8669e-05,  0.0151937,  3.80496e-06,  2.05059e-06,  8.58757e-07,  1.30266e-06,  1.96216e-06,  2.81556e-05
 8.80306e-06,  0.0301859,  2.20986e-05,  2.06904e-08,  3.04525e-06,  3.69034e-07,  2.23005e-06,  0.000355199
 2.19502e-05,  0.0365271,  9.49057e-06,  3.70932e-07,  9.49307e-06,  1.88805e-06,  1.18411e-07,  0.000748346
 3.33867e-05,  0.028893,  1.20479e-05,  2.66259e-06,  1.46115e-06,  1.03535e-06,  1.73013e-06,  0.00128477
 3.2081e-05,  0.00634941,  1.16685e-05,  9.56997e-07,  7.19138e-07,  1.76408e-07,  2.48115e-07,  0.00144098
 8.861e-06,  0.00163331,  2.02302e-06,  7.14487e-09,  9.07839e-07,  5.56399e-07,  2.94418e-07,  0.000362732
 1.041e-06,  0.000705117,  2.45533e-06,  2.2538e-07,  1.48365e-06,  1.96717e-07,  6.94708e-07,  0.00010796
 0.0035868,  0.000298684,  4.29081e-06,  5.28667e-07,  1.82522e-07,  1.02337e-06,  2.40244e-07,  7.56186e-06
 0.0288934,  4.40723e-05,  1.18433e-06,  1.61385e-06,  6.14079e-07,  2.67038e-08,  3.69131e-07,  5.02684e-05
 0.0490514,  2.23944e-05,  3.60311e-07,  6.07365e-06,  2.19859e-06,  5.86047e-06,  2.01756e-07,  0.000260633
 0.0589613,  4.28746e-05,  1.64067e-06,  8.85789e-06,  4.58398e-06,  2.92876e-06,  1.64408e-06,  0.000713283
 0.047509,  3.09476e-05,  4.76954e-07,  2.93421e-06,  1.81487e-06,  3.40152e-07,  6.42232e-06,  0.00132164
 0.0173453,  1.35052e-05,  2.6759e-06,  4.36725e-07,  6.92081e-08,  8.6875e-07,  1.72131e-06,  0.00136048
 0.00595566,  9.46709e-06,  2.36675e-06,  8.84234e-07,  2.94394e-06,  2.67703e-06,  4.61055e-07,  0.000391578
 0.00300328,  5.28939e-06,  1.3351e-06,  1.41444e-06,  2.39442e-06,  4.41654e-07,  1.40833e-06,  0.000144942
 0.000386029,  5.21718e-06,  0.000406128,  8.7287e-07,  0.000161311,  3.86484e-06,  3.37698e-07,  6.43633e-05
 4.8521e-07,  3.52961e-06,  0.0023134,  1.0253e-06,  0.00110374,  7.6228e-07,  1.04688e-06,  4.67813e-06
 6.1002e-06,  1.16461e-06,  0.00234519,  1.03595e-05,  0.00121951,  1.10672e-06,  1.36913e-06,  1.75437e-06
 3.27774e-06,  9.15569e-06,  0.000963515,  3.65181e-07,  0.0015618,  4.50838e-06,  4.3392e-07,  4.95347e-06
 1.06909e-05,  6.36682e-06,  3.81049e-05,  3.68597e-07,  0.00241262,  9.6772e-07,  4.99691e-07,  2.58296e-06
 8.1984e-06,  7.58893e-06,  0.00155223,  3.35423e-06,  0.00162922,  8.40521e-07,  1.48388e-07,  2.91113e-06
 3.14159e-08,  3.23831e-06,  0.00176106,  3.46106e-07,  0.00096355,  2.12488e-06,  4.68364e-08,  5.01909e-06
 4.7751e-07,  8.06704e-07,  0.000482272,  8.45634e-07,  0.000417071,  8.75678e-08,  2.93478e-07,  2.75276e-06
 0.00331115,  1.24419e-05,  0.000113499,  5.69144e-06,  3.7264e-05,  2.51735e-07,  1.60112e-06,  4.09452e-05
 0.0286718,  3.17842e-06,  9.18936e-06,  2.52095e-06,  1.28404e-06,  2.99622e-06,  2.14401e-07,  4.9087e-05
 0.0489304,  6.5202e-05,  2.39521e-05,  1.43296e-06,  7.84567e-06,  5.49276e-06,  5.88197e-07,  0.000458956
 0.0564276,  3.21789e-05,  2.63591e-05,  4.47628e-06,  1.81701e-06,  2.25536e-06,  2.57424e-06,  0.000971059
 0.044436,  3.99795e-05,  7.38484e-06,  2.20717e-06,  2.39774e-06,  2.52538e-07,  8.55597e-07,  0.00167185
 0.0161798,  4.73547e-05,  1.26401e-06,  3.278e-06,  3.59198e-07,  4.88465e-07,  3.47364e-06,  0.00160291
 0.00611227,  3.61021e-06,  2.64155e-06,  1.32915e-06,  4.24386e-06,  2.46939e-06,  2.42606e-08,  0.000381516
 0.00373421,  1.66906e-06,  1.86709e-06,  9.31292e-08,  8.45122e-09,  3.87846e-07,  1.03502e-06,  8.34771e-05
 0.000695645,  1.05626e-05,  0.000447729,  5.30438e-07,  1.49793e-06,  7.04328e-05,  6.63815e-07,  3.97997e-05
 5.8329e-05,  1.8089e-06,  0.00207599,  1.85989e-06,  8.74824e-08,  0.000989171,  7.98869e-06,  2.51331e-06
 7.93911e-06,  1.10254e-06,  0.00180388,  1.3307e-06,  1.03929e-06,  0.00230945,  1.41812e-06,  7.12803e-06
 3.01622e-06,  5.07116e-06,  0.000686143,  1.41736e-06,  1.58119e-07,  0.00254127,  3.25028e-06,  5.63403e-06
 1.08123e-05,  7.40054e-06,  9.08856e-05,  1.20101e-06,  1.39643e-06,  0.00252028,  4.15308e-06,  3.78375e-06
 6.25773e-06,  6.56952e-06,  0.00146751,  3.72398e-07,  1.25221e-06,  0.0015386,  9.21523e-07,  4.18143e-06
 9.04439e-07,  1.68893e-06,  0.00148951,  1.36129e-06,  8.68807e-07,  0.00049639,  5.17605e-06,  2.83647e-08
 4.168e-07,  1.84517e-06,  0.000408564,  4.6988e-07,  2.95878e-07,  0.000120838,  1.70083e-07,  1.35784e-06
 0.00365261,  1.07686e-05,  0.000120604,  1.46908e-06,  0.000201568,  3.1294e-05,  3.6651e-07,  2.93632e-06
 0.0306434,  8.71878e-06,  2.34837e-05,  3.97613e-06,  0.00137177,  5.5196e-06,  1.16251e-06,  2.59247e-06
 0.0523178,  2.41545e-05,  1.1372e-05,  1.41508e-06,  0.0018607,  2.61355e-06,  4.94536e-07,  1.67661e-07
 0.0609007,  4.35369e-05,  2.49637e-05,  8.89335e-06,  0.00201621,  1.6879e-06,  1.64782e-08,  5.65963e-07
 0.0479774,  2.44307e-05,  1.22516e-05,  1.07756e-05,  0.00225603,  5.08877e-06,  1.17362e-06,  1.26269e-06
 0.0162353,  3.03341e-05,  2.01218e-06,  2.84023e-06,  0.00128536,  4.90587e-06,  6.43546e-07,  6.87813e-07
 0.00528058,  5.25069e-07,  6.69293e-07,  3.27992e-06,  0.000681714,  8.47947e-08,  2.74426e-07,  1.15984e-07
 0.00303396,  1.57628e-07,  1.77318e-07,  2.31937e-08,  0.00040025,  3.46466e-07,  3.4165e-07,  6.45843e-07
 0.00051951,  8.21051e-06,  0.000478705,  5.08298e-07,  8.42021e-05,  2.84986e-07,  1.91634e-05,  8.57808e-07
 3.72478e-05,  4.08649e-06,  0.0025929,  1.95175e-06,  1.98208e-05,  7.8206e-07,  0.000300142,  3.70787e-07
 4.00936e-06,  1.16431e-05,  0.00281151,  4.1738e-06,  1.48017e-05,  8.91684e-07,  0.0026383,  4.63654e-06
 1.07673e-06,  7.94207e-06,  0.00119678,  1.32772e-06,  8.62533e-06,  3.02316e-06,  0.00398228,  4.51949e-06
 1.82719e-05,  7.9513e-06,  2.37169e-05,  4.30801e-07,  3.26059e-06,  1.85137e-06,  0.00351515,  1.0345e-06
 8.29167e-06,  7.51936e-06,  0.00168557,  3.83397e-07,  4.28781e-07,  2.66976e-07,  0.00166415,  7.91966e-07
 1.12171e-06,  2.79776e-06,  0.00193165,  1.91138e-06,  1.12064e-06,  7.47063e-08,  0.000110166,  8.7747e-07
 4.36779e-07,  1.60551e-06,  0.000607134,  1.3725e-08,  5.43864e-07,  3.42685e-07,  3.59785e-05,  2.26349e-07
 2.90068e-07,  7.77622e-07,  0.00010357,  5.28374e-09,  5.17298e-08,  1.49188e-07,  5.51405e-06,  3.74551e-07
 1.99579e-07,  3.66316e-07,  3.19518e-05,  8.11003e-07,  1.06325e-06,  8.4209e-10,  9.53607e-06,  9.75608e-06
 3.76827e-07,  2.91711e-06,  2.28452e-05,  4.93476e-07,  2.46704e-06,  2.88242e-08,  6.39358e-06,  8.11319e-06
 8.79814e-07,  2.39368e-06,  2.55879e-05,  4.99897e-08,  1.11454e-06,  4.69825e-08,  1.70225e-06,  1.90414e-06
 1.88072e-06,  4.53619e-07,  4.79587e-06,  2.66701e-07,  1.65242e-07,  3.22475e-08,  1.71231e-07,  4.77849e-07
 1.05255e-07,  6.93457e-08,  6.02092e-07,  3.48116e-08,  5.51153e-08,  3.1268e-07,  1.52532e-06,  3.1219e-06
 8.20445e-07,  2.0781e-07,  2.08754e-06,  2.62613e-08,  3.02233e-08,  1.67509e-07,  1.18552e-06,  2.67315e-06
 1.28108e-07,  2.61847e-07,  5.14868e-07,  1.6759e-07,  4.21698e-07,  1.74124e-07,  2.77589e-07,  9.17529e-07
 4.59938e-07,  1.67155e-06,  5.21147e-07,  1.38653e-07,  4.91501e-08,  5.67415e-07,  3.85175e-07,  1.14168e-08
 2.11312e-07,  1.09312e-06,  1.46289e-06,  2.41474e-07,  1.66131e-08,  1.00082e-07,  4.24177e-08,  5.36882e-08
 1.06109e-07,  2.22756e-06,  9.60935e-07,  1.17826e-07,  1.55873e-06,  8.32077e-07,  1.33979e-06,  3.55139e-07
 5.0903e-08,  2.06487e-06,  2.17951e-07,  1.37443e-07,  1.12222e-06,  3.42079e-07,  1.65762e-06,  1.09654e-06
 4.57819e-07,  4.62669e-08,  3.21419e-07,  1.76633e-07,  7.70886e-08,  2.73948e-08,  1.23307e-07,  4.38358e-08
 3.70715e-07,  3.13777e-08,  2.96096e-07,  2.02519e-07,  3.03154e-07,  4.20295e-07,  9.61192e-07,  6.12596e-07
 1.74884e-07,  1.27227e-06,  6.82201e-07,  1.72141e-06,  4.16241e-07,  1.23047e-08,  9.15497e-07,  7.86646e-07
 2.49474e-06,  6.62e-07,  3.78744e-07,  1.27316e-06,  9.13902e-07,  4.2372e-07,  4.31695e-08,  8.56056e-07
 7.60196e-07,  2.14726e-07,  3.23218e-08,  8.32749e-08,  2.45446e-07,  3.1053e-09,  4.32097e-08,  1.34511e-07
 2.88797e-07,  1.10901e-07,  1.28173e-07,  1.6761e-07,  1.47072e-07,  2.24616e-08,  2.96548e-08,  3.77348e-07
 3.82994e-07,  4.80604e-08,  2.42205e-07,  2.56739e-08,  1.22091e-06,  4.11257e-08,  3.29974e-07,  1.75448e-06
 1.34183e-07,  4.17206e-08,  7.04189e-08,  1.22425e-07,  6.93376e-07,  1.22553e-07,  6.81125e-07,  1.31098e-06
 9.36102e-08,  1.90632e-08,  2.07629e-08,  2.54434e-08,  8.81511e-07,  2.30929e-07,  1.3322e-07,  1.71278e-06
 4.46971e-07,  8.24346e-07,  2.09785e-06,  1.41365e-07,  3.39398e-08,  1.29283e-07,  4.70418e-07,  1.04453e-07
 1.72328e-06,  3.24645e-07,  1.86643e-06,  1.0724e-07,  7.52954e-07,  6.54804e-08,  3.25613e-07,  6.17598e-07
 2.99338e-07,  3.20926e-07,  2.06727e-08,  1.55885e-07,  4.4041e-07,  4.17916e-08,  1.45646e-06,  2.2914e-07
 7.35767e-07,  5.34644e-08,  1.16881e-07,  2.00817e-07,  1.18649e-07,  1.40603e-08,  3.28732e-07,  6.72201e-07
 1.5476e-06,  5.51972e-07,  4.27184e-07,  2.95169e-07,  6.05948e-07,  3.90856e-07,  5.33014e-08,  8.33997e-07
 8.7546e-07,  1.80568e-07,  5.72529e-07,  4.15195e-06,  4.97628e-08,  5.9474e-07,  7.65232e-07,  6.01663e-08
 1.73995e-07,  2.02332e-06,  2.53757e-07,  2.51978e-06,  9.77246e-07,  3.73329e-08,  4.73545e-07,  1.83959e-07
 2.27808e-07,  6.828e-07,  1.34072e-06,  1.10356e-06,  1.8873e-07,  1.85785e-07,  1.29895e-06,  6.19513e-07
 9.0166e-07,  3.83379e-06,  1.05261e-06,  4.44297e-07,  1.33789e-07,  1.45605e-07,  2.92142e-07,  6.49114e-07
 3.21773e-07,  3.3791e-07,  2.3214e-07,  2.99307e-07,  3.88686e-07,  3.56075e-07,  6.73757e-07,  1.38237e-07
 3.71276e-07,  2.01567e-06,  8.56044e-07,  4.4884e-07,  9.29554e-07,  5.56156e-07,  6.64817e-07,  6.46171e-07
 1.33171e-07,  1.34647e-07,  6.80495e-07,  2.32302e-06,  6.89477e-07,  9.36208e-07,  1.64339e-07,  2.22384e-06
 5.75405e-07,  3.11513e-06,  1.61944e-06,  1.81264e-06,  1.48909e-07,  1.24637e-06,  3.03442e-07,  4.53866e-06
 4.00278e-07,  3.85902e-06,  1.66939e-06,  1.01164e-06,  3.39966e-07,  9.35809e-07,  1.02177e-06,  6.01434e-06
 3.52722e-07,  9.94126e-08,  2.50079e-08,  2.55466e-07,  4.55135e-07,  5.63347e-07,  1.14427e-06,  2.07402e-06
 1.7704e-07,  4.07549e-07,  4.42757e-07,  2.30748e-07,  3.83868e-07,  2.70566e-08,  4.36151e-07,  7.79388e-07
 3.47093e-07,  1.51912e-07,  5.10184e-08,  7.948e-08,  4.9776e-08,  1.932e-07,  2.61074e-06,  5.26244e-07
 4.82851e-07,  2.13219e-07,  7.60954e-07,  4.55819e-08,  7.05907e-08,  3.91569e-07,  1.176e-06,  1.81889e-06
 4.47389e-07,  4.12313e-08,  9.63481e-07,  4.59495e-08,  4.80514e-07,  3.09859e-07,  7.39503e-09,  6.37231e-06
 2.03977e-06,  2.29617e-07,  2.65517e-07,  1.37477e-06,  9.87902e-07,  7.5678e-07,  4.55298e-08,  1.48791e-06
 5.86189e-07,  2.19874e-06,  1.23727e-06,  3.48253e-06,  2.89214e-07,  6.5972e-07,  3.19589e-08,  4.72996e-06
 2.75363e-06,  5.31516e-07,  2.34316e-07,  2.1599e-06,  6.60939e-07,  1.71819e-06,  3.80382e-07,  3.69044e-07
 7.43245e-07,  3.84309e-07,  4.91398e-07,  1.25107e-06,  1.22799e-06,  5.59608e-07,  4.29709e-07,  7.06367e-07
 1.05656e-08,  1.31321e-08,  2.92172e-07,  7.65391e-08,  1.1169e-06,  5.88486e-07,  4.85135e-07,  3.33889e-07
 1.39194e-06,  1.44064e-06,  7.57598e-07,  1.50506e-06,  3.03186e-08,  6.7294e-07,  5.72163e-07,  3.94872e-07
 1.19566e-06,  1.43131e-06,  4.98231e-07,  5.66847e-07,  1.03698e-08,  2.8288e-07,  1.97856e-07,  4.098e-07
 4.44981e-08,  3.56111e-07,  6.77814e-07,  2.36263e-07,  3.16087e-07,  2.48983e-07,  1.77522e-07,  1.31987e-07
 5.36152e-08,  5.28387e-07,  6.24645e-07,  8.11697e-08,  6.4002e-07,  5.16828e-07,  8.94883e-07,  2.34566e-06
 1.23647e-06,  1.10163e-07,  4.87732e-07,  6.63705e-07,  1.26233e-06,  2.60971e-07,  4.92197e-07,  9.66803e-08
 5.09292e-06,  4.58622e-06,  5.10943e-07,  3.6788e-07,  8.17017e-07,  2.50058e-06,  2.53456e-07,  3.5022e-07
 9.99171e-07,  3.27827e-06,  2.37036e-06,  3.69406e-07,  1.83796e-07,  2.48778e-07,  2.66966e-07,  1.31604e-07
 9.63134e-07,  1.92838e-07,  6.78402e-07,  2.61723e-07,  8.43394e-09,  1.34653e-06,  5.43761e-07,  1.05134e-06
 4.26713e-07,  1.34731e-07,  4.96927e-07,  5.56302e-07,  1.95818e-07,  6.18255e-07,  1.17e-07,  1.17643e-06
 1.97812e-08,  4.57636e-08,  3.7403e-07,  2.74914e-07,  1.59977e-07,  2.27323e-07,  1.43595e-07,  1.83621e-06
 5.7036e-07,  1.02652e-06,  1.19446e-06,  4.57566e-07,  9.41336e-08,  3.76564e-07,  1.63675e-06,  3.58752e-06
 6.2097e-07,  1.13715e-06,  4.77671e-07,  1.94135e-07,  9.86941e-08,  8.32825e-07,  4.45214e-06,  3.21206e-06
 1.75126e-06,  1.59238e-06,  1.00607e-06,  1.165e-06,  9.42464e-07,  9.03264e-07,  1.91402e-07,  1.68354e-07
 8.76258e-06,  3.63481e-06,  1.27853e-06,  1.71944e-06,  1.96355e-06,  2.9462e-06,  7.43761e-07,  2.14001e-06
 1.72682e-06,  1.69425e-06,  6.88073e-07,  1.10925e-07,  1.10939e-06,  1.10931e-08,  2.79883e-08,  1.16017e-06
 6.20027e-07,  2.35814e-07,  5.65899e-07,  1.96586e-07,  3.59955e-07,  7.35531e-08,  5.45805e-07,  2.37522e-07
 6.42468e-07,  1.67199e-06,  1.99509e-07,  1.41255e-07,  9.06763e-07,  9.64507e-07,  1.94615e-07,  3.11772e-07
 3.57729e-06,  3.65748e-06,  6.90955e-06,  1.51906e-06,  4.64153e-06,  1.1348e-06,  1.49086e-06,  1.35612e-07
 3.51669e-06,  3.25053e-06,  4.62412e-06,  3.94231e-06,  3.82625e-06,  5.50229e-07,  1.78603e-06,  1.40794e-06
 3.11707e-06,  2.80292e-06,  1.9158e-06,  2.60107e-06,  1.65816e-06,  1.53086e-06,  1.86517e-06,  5.78059e-07
 2.16037e-06,  5.39175e-06,  2.68367e-06,  3.39702e-06,  6.45806e-07,  1.95776e-06,  1.3814e-06,  9.94856e-07
 5.11265e-07,  4.0403e-06,  2.75501e-06,  6.59214e-07,  6.01199e-07,  3.7371e-07,  9.47878e-07,  6.31253e-10
 3.09411e-08,  5.28032e-06,  9.8561e-07,  8.14995e-07,  4.89317e-07,  1.97332e-06,  2.30745e-07,  9.34103e-07
 7.52837e-07,  3.17955e-07,  1.00428e-06,  2.17885e-06,  1.94604e-07,  4.91404e-08,  4.92743e-07,  3.25724e-06
 1.30656e-07,  6.29336e-09,  1.56583e-08,  4.94138e-07,  9.29317e-07,  5.64929e-09,  1.57177e-07,  4.50967e-06
 6.54781e-07,  1.07591e-07,  1.48941e-07,  8.29109e-07,  4.01253e-07,  1.10974e-07,  1.33081e-06,  3.06591e-06
 4.51498e-07,  1.18784e-06,  6.24829e-07,  1.25976e-07,  1.20646e-07,  2.46173e-08,  2.06819e-06,  2.07233e-07
 1.98821e-06,  4.23201e-07,  1.38612e-06,  2.60931e-06,  1.4683e-06,  1.52342e-06,  3.84325e-07,  7.38316e-07
 1.6513e-06,  2.58755e-06,  9.87212e-08,  8.16861e-07,  1.00198e-06,  1.04486e-06,  1.54598e-06,  6.38811e-06
 2.0161e-06,  5.69569e-07,  6.17172e-07,  2.41741e-07,  6.61003e-08,  1.11636e-06,  1.95754e-07,  2.46894e-06
 7.07819e-07,  1.11119e-06,  5.50946e-07,  1.28198e-06,  5.86997e-07,  8.30456e-07,  5.03786e-07,  7.76133e-09
 1.94141e-07,  1.76072e-07,  3.33368e-07,  1.40039e-06,  7.01571e-07,  2.74691e-07,  4.88081e-07,  4.69357e-07
 5.74598e-07,  2.08419e-06,  1.64559e-06,  1.20401e-06,  1.051e-06,  3.29881e-07,  4.10299e-07,  3.97088e-07
 9.77097e-07,  6.08281e-07,  3.15819e-07,  8.28432e-07,  3.99913e-06,  1.18002e-06,  1.76657e-06,  1.99907e-07
 5.61481e-07,  4.59984e-07,  3.5401e-08,  7.37824e-07,  1.35566e-06,  5.37806e-07,  1.24726e-06,  8.40768e-09
 7.94607e-07,  5.25517e-07,  6.84911e-07,  2.44076e-06,  1.50303e-06,  1.19114e-06,  1.1795e-06,  1.05832e-06
 1.20822e-06,  3.46513e-08,  4.22957e-07,  4.06882e-06,  9.08569e-07,  3.04558e-06,  5.41159e-08,  6.92663e-06
 1.68063e-06,  1.77298e-07,  4.78868e-08,  7.7996e-07,  1.18541e-06,  3.11052e-07,  7.77558e-07,  4.95608e-06
 3.2463e-07,  3.31101e-07,  5.57085e-07,  3.81969e-08,  8.64281e-08,  4.76529e-08,  8.12719e-08,  2.10013e-07
 7.56003e-09,  9.68045e-07,  6.00929e-07,  1.95719e-07,  5.27371e-08,  4.85781e-07,  3.73095e-07,  3.97175e-07
 9.07702e-10,  3.79907e-07,  5.47057e-07,  2.89291e-07,  6.08566e-08,  5.06894e-07,  5.40573e-07,  3.36042e-07
 3.48759e-07,  2.61272e-09,  3.49587e-07,  1.35189e-06,  7.23782e-08,  4.46773e-08,  8.62387e-08,  3.20442e-07
 7.12647e-07,  7.29413e-09,  9.99512e-07,  5.26423e-07,  1.64846e-07,  3.90212e-07,  5.02306e-07,  2.86838e-06
 1.67095e-07,  5.18693e-08,  7.19316e-07,  4.53824e-07,  2.2315e-07,  6.03394e-08,  1.27265e-06,  8.18036e-07
 1.5558e-06,  7.5604e-07,  1.27141e-06,  7.27822e-07,  1.77071e-07,  7.04353e-07,  1.12906e-06,  4.99669e-06
 1.85676e-06,  2.72722e-07,  3.3698e-06,  2.85191e-07,  1.33161e-06,  1.19439e-07,  2.33008e-06,  4.84656e-06
 1.37197e-07,  6.68755e-08,  2.54599e-07,  3.17303e-08,  8.64e-07,  2.28376e-07,  3.38136e-08,  3.4748e-08
 8.29769e-07,  5.22785e-07,  1.53456e-07,  1.47749e-06,  2.98579e-07,  4.8227e-07,  4.74693e-07,  1.63595e-07
 7.70456e-07,  7.96968e-07,  4.17629e-07,  9.24419e-07,  1.52201e-07,  4.79048e-07,  9.93341e-07,  1.01924e-06
 3.86777e-07,  1.66993e-07,  2.5676e-08,  4.61658e-07,  1.25868e-06,  1.93745e-07,  6.33771e-07,  2.7731e-07
 4.91626e-07,  4.17434e-07,  1.29655e-07,  1.63365e-07,  6.31342e-09,  1.29842e-07,  1.40688e-07,  1.75342e-08
 3.80238e-08,  6.76825e-07,  2.82312e-06,  6.66567e-07,  5.19689e-07,  6.15532e-07,  7.19008e-07,  1.52386e-08
 7.16603e-07,  3.52475e-06,  2.70221e-06,  1.16367e-06,  7.46993e-10,  2.69446e-06,  3.09059e-06,  1.31056e-06
 3.65051e-07,  6.44661e-07,  4.86544e-07,  2.59472e-07,  4.65677e-08,  1.01261e-06,  1.7848e-06,  7.03422e-07
 4.71348e-08,  6.11653e-08,  5.36199e-07,  6.31439e-07,  7.05276e-08,  2.49823e-07,  9.81139e-07,  5.86249e-07
 3.14346e-07,  3.6415e-07,  1.2634e-07,  1.4835e-07,  6.87181e-08,  4.74933e-08,  2.71858e-09,  1.0468e-06
 6.98228e-08,  8.54376e-07,  1.02102e-07,  4.02576e-08,  4.18116e-08,  1.87625e-07,  4.71903e-07,  9.56003e-07
 2.55042e-07,  3.42944e-07,  1.64376e-07,  1.61557e-07,  1.91445e-07,  2.27513e-07,  4.91355e-07,  2.45414e-06
 5.61933e-07,  1.7912e-07,  3.57408e-08,  3.39979e-08,  1.83597e-08,  1.0703e-07,  1.24831e-06,  4.63043e-06
 1.14944e-07,  2.61063e-07,  2.00075e-07,  1.7364e-07,  6.3826e-08,  6.98502e-09,  3.1326e-07,  2.6633e-06
 2.5496e-07,  1.04331e-06,  2.08583e-08,  1.81646e-07,  3.38801e-08,  1.22556e-08,  1.70345e-08,  7.91841e-08
 2.86568e-07,  2.81352e-07,  4.03301e-07,  5.18481e-07,  1.00442e-06,  2.73143e-07,  5.72687e-08,  6.20373e-07
 2.36783e-06,  7.08358e-08,  4.09992e-07,  1.32896e-06,  8.10935e-07,  9.97815e-07,  3.83492e-07,  2.54016e-06
 9.63784e-07,  1.97446e-07,  6.82485e-07,  4.10609e-07,  1.89147e-07,  3.57293e-07,  1.28463e-07,  1.00739e-06
 9.77432e-08,  1.58415e-08,  3.25458e-08,  1.98986e-07,  6.35682e-08,  2.41375e-09,  2.38551e-07,  4.42784e-07
 2.33604e-07,  3.01145e-08,  1.48701e-08,  1.98641e-07,  4.57065e-08,  3.8618e-08,  6.63241e-07,  9.62124e-07
 5.0287e-07,  1.3332e-07,  1.7532e-07,  3.12842e-07,  7.12495e-08,  7.17149e-08,  1.01382e-07,  4.49865e-07
 3.13745e-07,  2.65082e-07,  5.54004e-08,  1.7358e-07,  2.6262e-07,  1.93727e-07,  1.92288e-07,  2.69312e-08
